Pcp_File_Version=4
*** BLOCK I: ATMOSPHERIC INFORMATION  **********************************
   MaxAL                    (MaxAL = number of atmospheric data-records)
   2256
 DailyVar  SinusVar  lLay  lBCCycles lInterc lDummy  lDummy  lDummy  lDummy  lDummy
       f       f       f       f       f       f       f       f       f       f
 hCritS                 (max. allowed pressure head at the soil surface)
      0
       tAtm        Prec       rSoil       rRoot      hCritA          rB          hB          ht    RootDepth
1 0 0 0 1000000.0 0 0 0 
2 0 0 0 1000000.0 0 0 0 
3 0 0 0 1000000.0 0 0 0 
4 0 0 0 1000000.0 0 0 0 
5 0 0 0.000491317 1000000.0 0 0 0 
6 0 0 0.000255309 1000000.0 0 0 0 
7 0 0 0.000391087 1000000.0 0 0 0 
8 0 0 0.00151029 1000000.0 0 0 0 
9 0 0 0.00286144 1000000.0 0 0 0 
10 0 0 0.00375395 1000000.0 0 0 0 
11 0 0 0.00448684 1000000.0 0 0 0 
12 0 0 0.00521775 1000000.0 0 0 0 
13 0 0 0.00572692 1000000.0 0 0 0 
14 0 0 0.00576263 1000000.0 0 0 0 
15 0 0 0.00563691 1000000.0 0 0 0 
16 0 0 0.00500351 1000000.0 0 0 0 
17 0 0 0.00295018 1000000.0 0 0 0 
18 0 0 0.00200054 1000000.0 0 0 0 
19 0 0 0.00124751 1000000.0 0 0 0 
20 0 0 0.000919212 1000000.0 0 0 0 
21 0 0 0.000552534 1000000.0 0 0 0 
22 0 0 0.000317999 1000000.0 0 0 0 
23 0 0 0.000251038 1000000.0 0 0 0 
24 0 0 0.000205505 1000000.0 0 0 0 
25 0 0 0.000154251 1000000.0 0 0 0 
26.0006 2.41087 0 9.76e-005 1000000.0 0 0 0 
27 0 0 0 1000000.0 0 0 0 
28 0 0 0.000119563 1000000.0 0 0 0 
29 0 0 0.000322871 1000000.0 0 0 0 
30 0 0 0.000334043 1000000.0 0 0 0 
31 0 0 0.000281002 1000000.0 0 0 0 
32 0 0 0.000419936 1000000.0 0 0 0 
33 0 0 0.000755646 1000000.0 0 0 0 
34 0 0 0.00146761 1000000.0 0 0 0 
35 0 0 0.0017124 1000000.0 0 0 0 
36 0 0 0.00202662 1000000.0 0 0 0 
37 0 0 0.00251353 1000000.0 0 0 0 
38 0 0 0.00348105 1000000.0 0 0 0 
39 0 0 0.00465607 1000000.0 0 0 0 
40 0 0 0.00411966 1000000.0 0 0 0 
41 0 0 0.00373635 1000000.0 0 0 0 
42 0 0 0.00289933 1000000.0 0 0 0 
43 0 0 0.00150085 1000000.0 0 0 0 
44 0 0 0.000597673 1000000.0 0 0 0 
45 0 0 0 1000000.0 0 0 0 
46 0 0 0 1000000.0 0 0 0 
47 0 0 0 1000000.0 0 0 0 
48 0 0 0 1000000.0 0 0 0 
49 0 0 0 1000000.0 0 0 0 
50 0 0 0 1000000.0 0 0 0 
51 0 0 0 1000000.0 0 0 0 
52 0 0 0 1000000.0 0 0 0 
53 0 0 0.000216502 1000000.0 0 0 0 
54 0 0 0.00021524 1000000.0 0 0 0 
55 0 0 0.000316824 1000000.0 0 0 0 
56 0 0 0.00065152 1000000.0 0 0 0 
57 0 0 0.00125959 1000000.0 0 0 0 
58 0 0 0.00189532 1000000.0 0 0 0 
59 0 0 0.00220302 1000000.0 0 0 0 
60 0 0 0.00242747 1000000.0 0 0 0 
61 0 0 0.00242188 1000000.0 0 0 0 
62 0 0 0.00249721 1000000.0 0 0 0 
63 0 0 0.00210363 1000000.0 0 0 0 
64 0 0 0.00170923 1000000.0 0 0 0 
65 0 0 0.00223893 1000000.0 0 0 0 
66 0 0 0.00199259 1000000.0 0 0 0 
67 0 0 0.00150432 1000000.0 0 0 0 
68 0 0 0.000581685 1000000.0 0 0 0 
69 0 0 0.00024979 1000000.0 0 0 0 
70 0 0 0.000420202 1000000.0 0 0 0 
71 0 0 0.000114358 1000000.0 0 0 0 
72 0 0 0.000541059 1000000.0 0 0 0 
73 0 0 0.000890308 1000000.0 0 0 0 
74 0 0 0.000789622 1000000.0 0 0 0 
75 0 0 0.000578268 1000000.0 0 0 0 
76 0 0 0.000289152 1000000.0 0 0 0 
77 0 0 0.000327829 1000000.0 0 0 0 
78 0 0 0.000472999 1000000.0 0 0 0 
79 0 0 0.00144344 1000000.0 0 0 0 
80 0 0 0.00186065 1000000.0 0 0 0 
81 0 0 0.00295194 1000000.0 0 0 0 
82 0 0 0.00372615 1000000.0 0 0 0 
83 0 0 0.00436685 1000000.0 0 0 0 
84 0 0 0.00488205 1000000.0 0 0 0 
85 0 0 0.00545877 1000000.0 0 0 0 
86 0 0 0.0059232 1000000.0 0 0 0 
87 0 0 0.00555448 1000000.0 0 0 0 
88 0 0 0.00496635 1000000.0 0 0 0 
89 0 0 0.0045402 1000000.0 0 0 0 
90 0 0 0.00386523 1000000.0 0 0 0 
91 0 0 0.00277445 1000000.0 0 0 0 
92 0 0 0.0020121 1000000.0 0 0 0 
93 0 0 0.00042482 1000000.0 0 0 0 
94 0 0 0 1000000.0 0 0 0 
95 0 0 0 1000000.0 0 0 0 
96 0 0 0 1000000.0 0 0 0 
97 0 0 0 1000000.0 0 0 0 
98 0 0 0 1000000.0 0 0 0 
99 0 0 0 1000000.0 0 0 0 
100 0 0 0 1000000.0 0 0 0 
101 0 0 0.000203858 1000000.0 0 0 0 
102 0 0 0.000194654 1000000.0 0 0 0 
103 0 0 0.000380195 1000000.0 0 0 0 
104 0 0 0.00129102 1000000.0 0 0 0 
105 0 0 0.0026724 1000000.0 0 0 0 
106 0 0 0.0039759 1000000.0 0 0 0 
107 0 0 0.00525125 1000000.0 0 0 0 
108 0 0 0.00658753 1000000.0 0 0 0 
109 0 0 0.00732229 1000000.0 0 0 0 
110 0 0 0.00774901 1000000.0 0 0 0 
111 0 0 0.00749125 1000000.0 0 0 0 
112 0 0 0.0066564 1000000.0 0 0 0 
113 0 0 0.00499097 1000000.0 0 0 0 
114 0 0 0.00343504 1000000.0 0 0 0 
115 0 0 0.00222157 1000000.0 0 0 0 
116 0 0 0.0012091 1000000.0 0 0 0 
117 0 0 0 1000000.0 0 0 0 
118 0 0 0 1000000.0 0 0 0 
119 0 0 0 1000000.0 0 0 0 
120 0 0 0 1000000.0 0 0 0 
121 0 0 0 1000000.0 0 0 0 
121.5 2.41087 0 0 1000000.0 0 0 0 
123 0 0 0 1000000.0 0 0 0 
124 0 0 0 1000000.0 0 0 0 
125 0 0 0.000623945 1000000.0 0 0 0 
126 0 0 0.000538519 1000000.0 0 0 0 
127 0 0 0.000484468 1000000.0 0 0 0 
128 0 0 0.0014906 1000000.0 0 0 0 
129 0 0 0.00290875 1000000.0 0 0 0 
130 0 0 0.00448852 1000000.0 0 0 0 
131 0 0 0.00631578 1000000.0 0 0 0 
132 0 0 0.0073025 1000000.0 0 0 0 
133 0 0 0.00791727 1000000.0 0 0 0 
134 0 0 0.00792231 1000000.0 0 0 0 
135 0 0 0.00740573 1000000.0 0 0 0 
136 0 0 0.00671465 1000000.0 0 0 0 
137 0 0 0.00498828 1000000.0 0 0 0 
138 0 0 0.00290926 1000000.0 0 0 0 
139 0 0 0.000884042 1000000.0 0 0 0 
140 0 0 0 1000000.0 0 0 0 
141 0 0 0 1000000.0 0 0 0 
142 0 0 0 1000000.0 0 0 0 
143 0 0 0 1000000.0 0 0 0 
144 0 0 0 1000000.0 0 0 0 
145 0 0 0 1000000.0 0 0 0 
146 0 0 0 1000000.0 0 0 0 
147 0 0 0 1000000.0 0 0 0 
148 0 0 0 1000000.0 0 0 0 
149 0 0 0.000333328 1000000.0 0 0 0 
150 0 0 0.000305621 1000000.0 0 0 0 
151 0 0 0.000492572 1000000.0 0 0 0 
152 0 0 0.00106031 1000000.0 0 0 0 
153 0 0 0.00180812 1000000.0 0 0 0 
154 0 0 0.00288342 1000000.0 0 0 0 
155 0 0 0.00491801 1000000.0 0 0 0 
156 0 0 0.00621407 1000000.0 0 0 0 
157 0 0 0.00647902 1000000.0 0 0 0 
158 0 0 0.0069863 1000000.0 0 0 0 
159 0 0 0.00588132 1000000.0 0 0 0 
160 0 0 0.00533746 1000000.0 0 0 0 
161 0 0 0.00574335 1000000.0 0 0 0 
162 0 0 0.00277595 1000000.0 0 0 0 
163 0 0 0.00166024 1000000.0 0 0 0 
164 0 0 0.000128348 1000000.0 0 0 0 
165 0 0 0 1000000.0 0 0 0 
166 0 0 0 1000000.0 0 0 0 
167 0 0 0 1000000.0 0 0 0 
168 0 0 0 1000000.0 0 0 0 
169 0 0 0 1000000.0 0 0 0 
170 0 0 0 1000000.0 0 0 0 
171 0 0 0 1000000.0 0 0 0 
172 0 0 0 1000000.0 0 0 0 
173 0 0 0.000614057 1000000.0 0 0 0 
174 0 0 0.000439969 1000000.0 0 0 0 
175 0 0 0.000638738 1000000.0 0 0 0 
176 0 0 0.00191714 1000000.0 0 0 0 
177 0 0 0.00282264 1000000.0 0 0 0 
178 0 0 0.0044173 1000000.0 0 0 0 
179 0 0 0.00608422 1000000.0 0 0 0 
180 0 0 0.00717403 1000000.0 0 0 0 
181 0 0 0.00941685 1000000.0 0 0 0 
182 0 0 0.00742936 1000000.0 0 0 0 
183 0 0 0.00718817 1000000.0 0 0 0 
184 0 0 0.00775002 1000000.0 0 0 0 
185 0 0 0.00463925 1000000.0 0 0 0 
186 0 0 0.00293393 1000000.0 0 0 0 
187 0 0 0.00193918 1000000.0 0 0 0 
188 0 0 0.000794068 1000000.0 0 0 0 
189 0 0 0 1000000.0 0 0 0 
190 0 0 9.03e-005 1000000.0 0 0 0 
191 0 0 7.02e-005 1000000.0 0 0 0 
192 0 0 0 1000000.0 0 0 0 
193 0 0 0 1000000.0 0 0 0 
194 0 0 2.13e-005 1000000.0 0 0 0 
195 0 0 0 1000000.0 0 0 0 
196 0 0 0 1000000.0 0 0 0 
197 0 0 0.000471464 1000000.0 0 0 0 
198 0 0 0.000375509 1000000.0 0 0 0 
199 0 0 0.000542835 1000000.0 0 0 0 
200 0 0 0.00189414 1000000.0 0 0 0 
200.5 2.41087 0 0.00363155 1000000.0 0 0 0 
202 0 0 0.00533086 1000000.0 0 0 0 
203 0 0 0.0068095 1000000.0 0 0 0 
204 0 0 0.00844649 1000000.0 0 0 0 
205 0 0 0.00931544 1000000.0 0 0 0 
206 0 0 0.00971214 1000000.0 0 0 0 
207 0 0 0.00959937 1000000.0 0 0 0 
208 0 0 0.00822602 1000000.0 0 0 0 
209 0 0 0.00691615 1000000.0 0 0 0 
210 0 0 0.00539935 1000000.0 0 0 0 
211 0 0 0.00336053 1000000.0 0 0 0 
212 0 0 0.00228974 1000000.0 0 0 0 
213 0 0 0.00189753 1000000.0 0 0 0 
214 0 0 0.00127811 1000000.0 0 0 0 
215 0 0 0 1000000.0 0 0 0 
216 0 0 0 1000000.0 0 0 0 
217 0 0 0 1000000.0 0 0 0 
218 0 0 0 1000000.0 0 0 0 
219 0 0 0 1000000.0 0 0 0 
220 0 0 0 1000000.0 0 0 0 
221 0 0 0.000992801 1000000.0 0 0 0 
222 0 0 0.000969912 1000000.0 0 0 0 
223 0 0 0.00110667 1000000.0 0 0 0 
224 0 0 0.00202444 1000000.0 0 0 0 
225 0 0 0.00194245 1000000.0 0 0 0 
226 0 0 0.001777 1000000.0 0 0 0 
227 0 0 0.00222504 1000000.0 0 0 0 
228 0 0 0.00295455 1000000.0 0 0 0 
229 0 0 0.00469788 1000000.0 0 0 0 
230 0 0 0.00417052 1000000.0 0 0 0 
231 0 0 0.00366613 1000000.0 0 0 0 
232 0 0 0.00190878 1000000.0 0 0 0 
233 0 0 0.00119833 1000000.0 0 0 0 
234 0 0 0.000394914 1000000.0 0 0 0 
235 0 0 0 1000000.0 0 0 0 
236 0 0 0 1000000.0 0 0 0 
237 0 0 0 1000000.0 0 0 0 
238 0 0 0 1000000.0 0 0 0 
239 0 0 0 1000000.0 0 0 0 
240 0 0 0 1000000.0 0 0 0 
241 0 0 0 1000000.0 0 0 0 
242 0 0 0 1000000.0 0 0 0 
243 0 0 0 1000000.0 0 0 0 
244 0 0 0 1000000.0 0 0 0 
245 0 0 0.00028473 1000000.0 0 0 0 
246 0 0 0.000289172 1000000.0 0 0 0 
247 0 0 0.000332774 1000000.0 0 0 0 
248 0 0 0.000530589 1000000.0 0 0 0 
249 0 0 0.00100705 1000000.0 0 0 0 
250 0 0 0.00127382 1000000.0 0 0 0 
251 0 0 0.00119046 1000000.0 0 0 0 
252 0 0 0.00173088 1000000.0 0 0 0 
253 0 0 0.00143069 1000000.0 0 0 0 
254 0 0 0.00105052 1000000.0 0 0 0 
255 0 0 0.00100541 1000000.0 0 0 0 
256 0 0 0.00162859 1000000.0 0 0 0 
257 0 0 0.00118516 1000000.0 0 0 0 
258 0 0 8.84e-005 1000000.0 0 0 0 
259 0 0 0 1000000.0 0 0 0 
260 0 0 0 1000000.0 0 0 0 
261 0 0 0 1000000.0 0 0 0 
262 0 0 0 1000000.0 0 0 0 
263 0 0 0 1000000.0 0 0 0 
264 0 0 0 1000000.0 0 0 0 
265 0 0 0 1000000.0 0 0 0 
266 0 0 0 1000000.0 0 0 0 
267 0 0 0 1000000.0 0 0 0 
268 0 0 0 1000000.0 0 0 0 
269 0 0 0.000280948 1000000.0 0 0 0 
270 0 0 0.000287231 1000000.0 0 0 0 
271 0 0 0.000336082 1000000.0 0 0 0 
272 0 0 0.000514518 1000000.0 0 0 0 
273 0 0 0.000700445 1000000.0 0 0 0 
274 0 0 0.00124524 1000000.0 0 0 0 
275 0 0 0.00153106 1000000.0 0 0 0 
276 0 0 0.00198841 1000000.0 0 0 0 
277 0 0 0.00190809 1000000.0 0 0 0 
278 0 0 0.00150848 1000000.0 0 0 0 
279 0 0 0.00114266 1000000.0 0 0 0 
280 0 0 0.000877449 1000000.0 0 0 0 
281 0 0 0.000628748 1000000.0 0 0 0 
282 0 0 0.000200596 1000000.0 0 0 0 
283 0 0 0 1000000.0 0 0 0 
284 0 0 0 1000000.0 0 0 0 
285 0 0 0 1000000.0 0 0 0 
286 0 0 0 1000000.0 0 0 0 
287 0 0 0 1000000.0 0 0 0 
288 0 0 0 1000000.0 0 0 0 
289 0 0 0 1000000.0 0 0 0 
290 0 0 0 1000000.0 0 0 0 
291 0 0 0 1000000.0 0 0 0 
292 0 0 0 1000000.0 0 0 0 
293 0 0 0.000260863 1000000.0 0 0 0 
294 0 0 0.000264488 1000000.0 0 0 0 
295 0 0 0.000612928 1000000.0 0 0 0 
296 0 0 0.00191213 1000000.0 0 0 0 
297 0 0 0.00359759 1000000.0 0 0 0 
298 0 0 0.00545668 1000000.0 0 0 0 
299 0 0 0.00694253 1000000.0 0 0 0 
300 0 0 0.00821245 1000000.0 0 0 0 
301 0 0 0.00898769 1000000.0 0 0 0 
302 0 0 0.00942358 1000000.0 0 0 0 
303 0 0 0.00901849 1000000.0 0 0 0 
304 0 0 0.00727798 1000000.0 0 0 0 
305 0 0 0.00623913 1000000.0 0 0 0 
306 0 0 0.00459065 1000000.0 0 0 0 
307 0 0 0.00119811 1000000.0 0 0 0 
308 0 0 0.00129385 1000000.0 0 0 0 
309 0 0 0.000367667 1000000.0 0 0 0 
310 0 0 0 1000000.0 0 0 0 
311 0 0 0 1000000.0 0 0 0 
312 0 0 0 1000000.0 0 0 0 
313 0 0 0 1000000.0 0 0 0 
314 0 0 0 1000000.0 0 0 0 
315 0 0 0 1000000.0 0 0 0 
316 0 0 0 1000000.0 0 0 0 
317 0 0 0.000331737 1000000.0 0 0 0 
318 0 0 0.000330141 1000000.0 0 0 0 
319 0 0 0.00064775 1000000.0 0 0 0 
320 0 0 0.00205553 1000000.0 0 0 0 
321 0 0 0.00399273 1000000.0 0 0 0 
322 0 0 0.00564517 1000000.0 0 0 0 
323 0 0 0.00723291 1000000.0 0 0 0 
324 0 0 0.0083192 1000000.0 0 0 0 
325 0 0 0.00833194 1000000.0 0 0 0 
326 0 0 0.00773496 1000000.0 0 0 0 
327 0 0 0.00484229 1000000.0 0 0 0 
328 0 0 0.00337254 1000000.0 0 0 0 
329 0 0 0.00223061 1000000.0 0 0 0 
330 0 0 0.00146836 1000000.0 0 0 0 
331 0 0 0.000785707 1000000.0 0 0 0 
332 0 0 0.000764952 1000000.0 0 0 0 
333 0 0 1.68e-005 1000000.0 0 0 0 
334 0 0 0.000144797 1000000.0 0 0 0 
335 0 0 0 1000000.0 0 0 0 
336 0 0 0 1000000.0 0 0 0 
337 0 0 0 1000000.0 0 0 0 
338 0 0 0 1000000.0 0 0 0 
339 0 0 0 1000000.0 0 0 0 
340 0 0 0 1000000.0 0 0 0 
341 0 0 0.000440197 1000000.0 0 0 0 
342 0 0 0.000518189 1000000.0 0 0 0 
343 0 0 0.000433241 1000000.0 0 0 0 
344 0 0 0.000722457 1000000.0 0 0 0 
345 0 0 0.0013209 1000000.0 0 0 0 
346 0 0 0.00223967 1000000.0 0 0 0 
347 0 0 0.00376186 1000000.0 0 0 0 
348 0 0 0.00593923 1000000.0 0 0 0 
349 0 0 0.00844875 1000000.0 0 0 0 
350 0 0 0.00831714 1000000.0 0 0 0 
351 0 0 0.00910192 1000000.0 0 0 0 
352 0 0 0.00799555 1000000.0 0 0 0 
353 0 0 0.0060557 1000000.0 0 0 0 
354 0 0 0.00555984 1000000.0 0 0 0 
355 0 0 0.00221086 1000000.0 0 0 0 
356 0 0 0.0011108 1000000.0 0 0 0 
357 0 0 0 1000000.0 0 0 0 
358 0 0 0 1000000.0 0 0 0 
359 0 0 0 1000000.0 0 0 0 
360 0 0 0 1000000.0 0 0 0 
361 0 0 0 1000000.0 0 0 0 
362 0 0 0 1000000.0 0 0 0 
363 0 0 0 1000000.0 0 0 0 
364 0 0 0 1000000.0 0 0 0 
365 0 0 0.000379848 1000000.0 0 0 0 
366 0 0 0.000379304 1000000.0 0 0 0 
367 0 0 0.000796669 1000000.0 0 0 0 
368 0 0 0.00261219 1000000.0 0 0 0 
369 0 0 0.00404561 1000000.0 0 0 0 
370 0 0 0.00654859 1000000.0 0 0 0 
371 0 0 0.00970708 1000000.0 0 0 0 
372 0 0 0.00996716 1000000.0 0 0 0 
373 0 0 0.0108685 1000000.0 0 0 0 
374 0 0 0.00984859 1000000.0 0 0 0 
375 0 0 0.00977338 1000000.0 0 0 0 
376 0 0 0.00876751 1000000.0 0 0 0 
377 0 0 0.00776557 1000000.0 0 0 0 
378 0 0 0.00402109 1000000.0 0 0 0 
379 0 0 0.00249244 1000000.0 0 0 0 
380 0 0 0.00150692 1000000.0 0 0 0 
381 0 0 0.000129612 1000000.0 0 0 0 
382 0 0 0 1000000.0 0 0 0 
383 0 0 0 1000000.0 0 0 0 
384 0 0 0 1000000.0 0 0 0 
385 0 0 0 1000000.0 0 0 0 
386 0 0 0 1000000.0 0 0 0 
387 0 0 0 1000000.0 0 0 0 
388 0 0 0 1000000.0 0 0 0 
389 0 0 0.000430716 1000000.0 0 0 0 
390 0 0 0.000418201 1000000.0 0 0 0 
391 0 0 0.000724203 1000000.0 0 0 0 
392 0 0 0.00213641 1000000.0 0 0 0 
393 0 0 0.00472246 1000000.0 0 0 0 
394 0 0 0.00681109 1000000.0 0 0 0 
395 0 0 0.00892648 1000000.0 0 0 0 
396 0 0 0.0102434 1000000.0 0 0 0 
397 0 0 0.0110738 1000000.0 0 0 0 
398 0 0 0.0121619 1000000.0 0 0 0 
399 0 0 0.0119488 1000000.0 0 0 0 
400 0 0 0.00879171 1000000.0 0 0 0 
401 0 0 0.00496337 1000000.0 0 0 0 
402 0 0 0.00391812 1000000.0 0 0 0 
403 0 0 0.00201433 1000000.0 0 0 0 
404 0 0 0.00100324 1000000.0 0 0 0 
405 0 0 0 1000000.0 0 0 0 
405.482 2.41087 0 0 1000000.0 0 0 0 
407 0 0 0.000143371 1000000.0 0 0 0 
408 0 0 8.83e-005 1000000.0 0 0 0 
409 0 0 0 1000000.0 0 0 0 
410 0 0 0 1000000.0 0 0 0 
411 0 0 0 1000000.0 0 0 0 
412 0 0 0 1000000.0 0 0 0 
413 0 0 0.000539988 1000000.0 0 0 0 
414 0 0 0.000440864 1000000.0 0 0 0 
415 0 0 0.00087465 1000000.0 0 0 0 
416 0 0 0.00267094 1000000.0 0 0 0 
417 0 0 0.0051078 1000000.0 0 0 0 
418 0 0 0.00556988 1000000.0 0 0 0 
419 0 0 0.00660718 1000000.0 0 0 0 
420 0 0 0.00686199 1000000.0 0 0 0 
421 0 0 0.00966664 1000000.0 0 0 0 
422 0 0 0.0101294 1000000.0 0 0 0 
423 0 0 0.0118511 1000000.0 0 0 0 
424 0 0 0.0101263 1000000.0 0 0 0 
425 0 0 0.00799877 1000000.0 0 0 0 
426 0 0 0.00701469 1000000.0 0 0 0 
427 0 0 0.00174567 1000000.0 0 0 0 
428 0 0 0.00108136 1000000.0 0 0 0 
429 0 0 0 1000000.0 0 0 0 
430 0 0 0 1000000.0 0 0 0 
431 0 0 0 1000000.0 0 0 0 
432 0 0 0 1000000.0 0 0 0 
433 0 0 0 1000000.0 0 0 0 
434 0 0 0 1000000.0 0 0 0 
435 0 0 0 1000000.0 0 0 0 
436 0 0 0 1000000.0 0 0 0 
437 0 0 0.000572585 1000000.0 0 0 0 
438 0 0 0.00075304 1000000.0 0 0 0 
439 0 0 0.0012389 1000000.0 0 0 0 
440 0 0 0.00349673 1000000.0 0 0 0 
441 0 0 0.0062116 1000000.0 0 0 0 
442 0 0 0.00876324 1000000.0 0 0 0 
443 0 0 0.0114197 1000000.0 0 0 0 
444 0 0 0.0135539 1000000.0 0 0 0 
445 0 0 0.0147589 1000000.0 0 0 0 
446 0 0 0.0155175 1000000.0 0 0 0 
447 0 0 0.012789 1000000.0 0 0 0 
448 0 0 0.0118394 1000000.0 0 0 0 
449 0 0 0.00864845 1000000.0 0 0 0 
450 0 0 0.00515198 1000000.0 0 0 0 
451 0 0 0.00197391 1000000.0 0 0 0 
452 0 0 0 1000000.0 0 0 0 
453 0 0 0 1000000.0 0 0 0 
454 0 0 0 1000000.0 0 0 0 
455 0 0 8.94e-005 1000000.0 0 0 0 
456 0 0 0 1000000.0 0 0 0 
457 0 0 0.000255981 1000000.0 0 0 0 
458 0 0 8.62e-005 1000000.0 0 0 0 
459 0 0 0 1000000.0 0 0 0 
460 0 0 0 1000000.0 0 0 0 
461 0 0 0.00123183 1000000.0 0 0 0 
462 0 0 0.000637659 1000000.0 0 0 0 
463 0 0 0.00105469 1000000.0 0 0 0 
464 0 0 0.00319418 1000000.0 0 0 0 
465 0 0 0.00600317 1000000.0 0 0 0 
466 0 0 0.00895594 1000000.0 0 0 0 
467 0 0 0.0115847 1000000.0 0 0 0 
468 0 0 0.0141706 1000000.0 0 0 0 
469 0 0 0.015537 1000000.0 0 0 0 
470 0 0 0.0159321 1000000.0 0 0 0 
471 0 0 0.0114815 1000000.0 0 0 0 
472 0 0 0.00970364 1000000.0 0 0 0 
473 0 0 0.00486409 1000000.0 0 0 0 
474 0 0 0.00429172 1000000.0 0 0 0 
475 0 0 0.00122683 1000000.0 0 0 0 
476 0 0 0.000606081 1000000.0 0 0 0 
477 0 0 0.000889755 1000000.0 0 0 0 
477.5 2.41087 0 0 1000000.0 0 0 0 
479 0 0 0.00133452 1000000.0 0 0 0 
480 0 0 0.00325361 1000000.0 0 0 0 
481 0 0 0.00247374 1000000.0 0 0 0 
482 0 0 0.00203196 1000000.0 0 0 0 
483 0 0 0.00221288 1000000.0 0 0 0 
484 0 0 0.00105183 1000000.0 0 0 0 
485 0 0 0.00266394 1000000.0 0 0 0 
486 0 0 0.00146909 1000000.0 0 0 0 
487 0 0 0.00134503 1000000.0 0 0 0 
488 0 0 0.00186516 1000000.0 0 0 0 
489 0 0 0.00350293 1000000.0 0 0 0 
490 0 0 0.00398916 1000000.0 0 0 0 
491 0 0 0.00483068 1000000.0 0 0 0 
492 0 0 0.00646163 1000000.0 0 0 0 
493 0 0 0.0107115 1000000.0 0 0 0 
494 0 0 0.0134342 1000000.0 0 0 0 
495 0 0 0.0102611 1000000.0 0 0 0 
496 0 0 0.0128139 1000000.0 0 0 0 
497 0 0 0.0103847 1000000.0 0 0 0 
498 0 0 0.00533623 1000000.0 0 0 0 
499 0 0 0.00255387 1000000.0 0 0 0 
500 0 0 0.00137347 1000000.0 0 0 0 
501 0 0 0 1000000.0 0 0 0 
502 0 0 0 1000000.0 0 0 0 
503 0 0 0 1000000.0 0 0 0 
504 0 0 0 1000000.0 0 0 0 
505 0 0 0 1000000.0 0 0 0 
506 0 0 4.1e-005 1000000.0 0 0 0 
507 0 0 0 1000000.0 0 0 0 
508 0 0 0 1000000.0 0 0 0 
509 0 0 0.000618521 1000000.0 0 0 0 
510 0 0 0.000606971 1000000.0 0 0 0 
511 0 0 0.00072299 1000000.0 0 0 0 
512 0 0 0.0012121 1000000.0 0 0 0 
513 0 0 0.0021726 1000000.0 0 0 0 
514 0 0 0.00295301 1000000.0 0 0 0 
515 0 0 0.0054348 1000000.0 0 0 0 
516 0 0 0.00506768 1000000.0 0 0 0 
517 0 0 0.00385634 1000000.0 0 0 0 
518 0 0 0.00577819 1000000.0 0 0 0 
519 0 0 0.00728211 1000000.0 0 0 0 
520 0 0 0.00593861 1000000.0 0 0 0 
521 0 0 0.00301403 1000000.0 0 0 0 
522 0 0 0.000497075 1000000.0 0 0 0 
523 0 0 0 1000000.0 0 0 0 
524 0 0 0 1000000.0 0 0 0 
525 0 0 0 1000000.0 0 0 0 
526 0 0 0 1000000.0 0 0 0 
527 0 0 0 1000000.0 0 0 0 
528 0 0 0 1000000.0 0 0 0 
529 0 0 0.000662577 1000000.0 0 0 0 
530 0 0 0.000448286 1000000.0 0 0 0 
531 0 0 0.000729185 1000000.0 0 0 0 
532 0 0 0.000525231 1000000.0 0 0 0 
533 0 0 0.00134724 1000000.0 0 0 0 
534 0 0 0.000852962 1000000.0 0 0 0 
535 0 0 0.000839505 1000000.0 0 0 0 
536 0 0 0.00138821 1000000.0 0 0 0 
537 0 0 0.00305622 1000000.0 0 0 0 
538 0 0 0.00722538 1000000.0 0 0 0 
539 0 0 0.0117482 1000000.0 0 0 0 
540 0 0 0.0141686 1000000.0 0 0 0 
541 0 0 0.0156887 1000000.0 0 0 0 
542 0 0 0.0166451 1000000.0 0 0 0 
543 0 0 0.0170704 1000000.0 0 0 0 
544 0 0 0.0061027 1000000.0 0 0 0 
545 0 0 0.00452504 1000000.0 0 0 0 
546 0 0 0.00213887 1000000.0 0 0 0 
547 0 0 0.00273658 1000000.0 0 0 0 
548 0 0 0.000652666 1000000.0 0 0 0 
548.287 2.41087 0 0.000652953 1000000.0 0 0 0 
550 0 0 0 1000000.0 0 0 0 
551 0 0 0.000763635 1000000.0 0 0 0 
552 0 0 0 1000000.0 0 0 0 
553 0 0 0 1000000.0 0 0 0 
554 0 0 0.00188245 1000000.0 0 0 0 
555 0 0 0 1000000.0 0 0 0 
556 0 0 0.00033879 1000000.0 0 0 0 
557 0 0 0.00261568 1000000.0 0 0 0 
558 0 0 0.00110949 1000000.0 0 0 0 
559 0 0 0.0019653 1000000.0 0 0 0 
560 0 0 0.00411123 1000000.0 0 0 0 
561 0 0 0.00733851 1000000.0 0 0 0 
562 0 0 0.010713 1000000.0 0 0 0 
563 0 0 0.0142987 1000000.0 0 0 0 
564 0 0 0.0149685 1000000.0 0 0 0 
565 0 0 0.0181052 1000000.0 0 0 0 
566 0 0 0.0188421 1000000.0 0 0 0 
567 0 0 0.0146428 1000000.0 0 0 0 
568 0 0 0.017569 1000000.0 0 0 0 
569 0 0 0.0148697 1000000.0 0 0 0 
570 0 0 0.0124102 1000000.0 0 0 0 
571 0 0 0.0084123 1000000.0 0 0 0 
572 0 0 0.00438293 1000000.0 0 0 0 
573 0 0 0 1000000.0 0 0 0 
574 0 0 0 1000000.0 0 0 0 
575 0 0 0.000426984 1000000.0 0 0 0 
576 0 0 0.00168921 1000000.0 0 0 0 
577 0 0 0.000376393 1000000.0 0 0 0 
578 0 0 0 1000000.0 0 0 0 
579 0 0 0 1000000.0 0 0 0 
580 0 0 0 1000000.0 0 0 0 
581 0 0 0.00124783 1000000.0 0 0 0 
582 0 0 0.00139117 1000000.0 0 0 0 
583 0 0 0.00195289 1000000.0 0 0 0 
584 0 0 0.00409181 1000000.0 0 0 0 
584.594 2.41087 0 0.0074285 1000000.0 0 0 0 
586 0 0 0.0122117 1000000.0 0 0 0 
587 0 0 0.0162191 1000000.0 0 0 0 
588 0 0 0.0165488 1000000.0 0 0 0 
589 0 0 0.0175209 1000000.0 0 0 0 
590 0 0 0.0138122 1000000.0 0 0 0 
591 0 0 0.0205693 1000000.0 0 0 0 
592 0 0 0.0148998 1000000.0 0 0 0 
593 0 0 0.0115074 1000000.0 0 0 0 
594 0 0 0.0067086 1000000.0 0 0 0 
595 0 0 0.00353422 1000000.0 0 0 0 
596 0 0 0.00366817 1000000.0 0 0 0 
597 0 0 0.00178322 1000000.0 0 0 0 
598 0 0 0 1000000.0 0 0 0 
599 0 0 0 1000000.0 0 0 0 
600 0 0 0 1000000.0 0 0 0 
601 0 0 0 1000000.0 0 0 0 
602 0 0 0 1000000.0 0 0 0 
603 0 0 0 1000000.0 0 0 0 
604 0 0 0 1000000.0 0 0 0 
605 0 0 0.000967518 1000000.0 0 0 0 
606 0 0 0.0009864 1000000.0 0 0 0 
607 0 0 0.00148551 1000000.0 0 0 0 
608 0 0 0.00419669 1000000.0 0 0 0 
609 0 0 0.00732978 1000000.0 0 0 0 
610 0 0 0.0110671 1000000.0 0 0 0 
611 0 0 0.0143116 1000000.0 0 0 0 
612 0 0 0.0168956 1000000.0 0 0 0 
613 0 0 0.0189194 1000000.0 0 0 0 
614 0 0 0.0198835 1000000.0 0 0 0 
615 0 0 0.0188377 1000000.0 0 0 0 
616 0 0 0.0153359 1000000.0 0 0 0 
617 0 0 0.0119618 1000000.0 0 0 0 
618 0 0 0.00927092 1000000.0 0 0 0 
619 0 0 0.00421581 1000000.0 0 0 0 
620 0 0 0.000371259 1000000.0 0 0 0 
621 0 0 0 1000000.0 0 0 0 
621.276 2.41087 0 0 1000000.0 0 0 0 
623 0 0 0 1000000.0 0 0 0 
624 0 0 0 1000000.0 0 0 0 
625 0 0 0 1000000.0 0 0 0 
626 0 0 0 1000000.0 0 0 0 
627 0 0 0 1000000.0 0 0 0 
628 0 0 0 1000000.0 0 0 0 
629 0 0 0.00104462 1000000.0 0 0 0 
630 0 0 0.00168737 1000000.0 0 0 0 
631 0 0 0.00374601 1000000.0 0 0 0 
632 0 0 0.00473211 1000000.0 0 0 0 
633 0 0 0.00734992 1000000.0 0 0 0 
634 0 0 0.0130844 1000000.0 0 0 0 
635 0 0 0.0155479 1000000.0 0 0 0 
636 0 0 0.0173308 1000000.0 0 0 0 
637 0 0 0.0191016 1000000.0 0 0 0 
638 0 0 0.012025 1000000.0 0 0 0 
639 0 0 0.00542149 1000000.0 0 0 0 
640 0 0 0.00453136 1000000.0 0 0 0 
641 0 0 0.00555742 1000000.0 0 0 0 
642 0 0 0.00282151 1000000.0 0 0 0 
643 0 0 0.00272639 1000000.0 0 0 0 
644 0 0 0.000521025 1000000.0 0 0 0 
645 0 0 0 1000000.0 0 0 0 
646 0 0 0 1000000.0 0 0 0 
647 0 0 0 1000000.0 0 0 0 
648 0 0 0 1000000.0 0 0 0 
649 0 0 0 1000000.0 0 0 0 
650 0 0 0 1000000.0 0 0 0 
651 0 0 0 1000000.0 0 0 0 
652 0 0 0 1000000.0 0 0 0 
653 0 0 0.000709954 1000000.0 0 0 0 
654 0 0 0.00079343 1000000.0 0 0 0 
655 0 0 0.00145852 1000000.0 0 0 0 
656 0 0 0.00415751 1000000.0 0 0 0 
657 0 0 0.00759469 1000000.0 0 0 0 
658 0 0 0.0109017 1000000.0 0 0 0 
659 0 0 0.013829 1000000.0 0 0 0 
660 0 0 0.0164562 1000000.0 0 0 0 
661 0 0 0.01774 1000000.0 0 0 0 
662 0 0 0.0194562 1000000.0 0 0 0 
663 0 0 0.0162129 1000000.0 0 0 0 
664 0 0 0.0142958 1000000.0 0 0 0 
665 0 0 0.013579 1000000.0 0 0 0 
666 0 0 0.00760426 1000000.0 0 0 0 
666.415 2.41087 0 0.00760857 1000000.0 0 0 0 
668 0 0 0 1000000.0 0 0 0 
669 0 0 0 1000000.0 0 0 0 
670 0 0 0.000781244 1000000.0 0 0 0 
671 0 0 0 1000000.0 0 0 0 
672 0 0 0 1000000.0 0 0 0 
673 0 0 0 1000000.0 0 0 0 
674 0 0 0 1000000.0 0 0 0 
675 0 0 0 1000000.0 0 0 0 
676 0 0 0 1000000.0 0 0 0 
677 0 0 0.000749501 1000000.0 0 0 0 
678 0 0 0.000819527 1000000.0 0 0 0 
679 0 0 0.00180274 1000000.0 0 0 0 
680 0 0 0.00506955 1000000.0 0 0 0 
681 0 0 0.00784834 1000000.0 0 0 0 
682 0 0 0.0118365 1000000.0 0 0 0 
683 0 0 0.0152294 1000000.0 0 0 0 
684 0 0 0.0179797 1000000.0 0 0 0 
685 0 0 0.0193944 1000000.0 0 0 0 
686 0 0 0.0204169 1000000.0 0 0 0 
687 0 0 0.0205619 1000000.0 0 0 0 
688 0 0 0.0187843 1000000.0 0 0 0 
689 0 0 0.0165881 1000000.0 0 0 0 
690 0 0 0.0126172 1000000.0 0 0 0 
691 0 0 0.00673557 1000000.0 0 0 0 
692 0 0 0.00396046 1000000.0 0 0 0 
693 0 0 0.000969368 1000000.0 0 0 0 
694 0 0 0.000265066 1000000.0 0 0 0 
695 0 0 0 1000000.0 0 0 0 
696 0 0 0 1000000.0 0 0 0 
697 0 0 0 1000000.0 0 0 0 
698 0 0 0 1000000.0 0 0 0 
699 0 0 0 1000000.0 0 0 0 
700 0 0 0 1000000.0 0 0 0 
701 0 0 0.000839389 1000000.0 0 0 0 
702 0 0 0.00126563 1000000.0 0 0 0 
703 0 0 0.00150852 1000000.0 0 0 0 
704 0 0 0.00369553 1000000.0 0 0 0 
705 0 0 0.0066067 1000000.0 0 0 0 
706 0 0 0.0114148 1000000.0 0 0 0 
707 0 0 0.0105733 1000000.0 0 0 0 
708 0 0 0.0143065 1000000.0 0 0 0 
709 0 0 0.0165487 1000000.0 0 0 0 
710 0 0 0.0212389 1000000.0 0 0 0 
711 0 0 0.0204654 1000000.0 0 0 0 
712 0 0 0.014089 1000000.0 0 0 0 
713 0 0 0.0127601 1000000.0 0 0 0 
714 0 0 0.00556906 1000000.0 0 0 0 
715 0 0 0.00263848 1000000.0 0 0 0 
716 0 0 0.00146907 1000000.0 0 0 0 
717 0 0 0 1000000.0 0 0 0 
718 0 0 0 1000000.0 0 0 0 
719 0 0 2.48e-005 1000000.0 0 0 0 
720 0 0 0 1000000.0 0 0 0 
721 0 0 0 1000000.0 0 0 0 
722 0 0 0 1000000.0 0 0 0 
723 0 0 0 1000000.0 0 0 0 
724 0 0 0 1000000.0 0 0 0 
725 0 0 0.00107244 1000000.0 0 0 0 
726 0 0 0.000842844 1000000.0 0 0 0 
727 0 0 0.00202817 1000000.0 0 0 0 
728 0 0 0.00521442 1000000.0 0 0 0 
729 0 0 0.00908639 1000000.0 0 0 0 
730 0 0 0.0132518 1000000.0 0 0 0 
731 0 0 0.0166419 1000000.0 0 0 0 
732 0 0 0.0202231 1000000.0 0 0 0 
733 0 0 0.0228851 1000000.0 0 0 0 
734 0 0 0.0136974 1000000.0 0 0 0 
735 0 0 0.00946297 1000000.0 0 0 0 
736 0 0 0.00853856 1000000.0 0 0 0 
737 0 0 0.0088279 1000000.0 0 0 0 
738 0 0 0.00517927 1000000.0 0 0 0 
739 0 0 0.00118071 1000000.0 0 0 0 
739.597 2.41087 0 0.000937524 1000000.0 0 0 0 
741 0 0 0 1000000.0 0 0 0 
742 0 0 0 1000000.0 0 0 0 
743 0 0 0 1000000.0 0 0 0 
744 0 0 0 1000000.0 0 0 0 
745 0 0 0 1000000.0 0 0 0 
746 0 0 0 1000000.0 0 0 0 
747 0 0 0 1000000.0 0 0 0 
748 0 0 0 1000000.0 0 0 0 
749 0 0 0.000844694 1000000.0 0 0 0 
750 0 0 0.000810157 1000000.0 0 0 0 
751 0 0 0.00151713 1000000.0 0 0 0 
752 0 0 0.00413268 1000000.0 0 0 0 
753 0 0 0.0071452 1000000.0 0 0 0 
754 0 0 0.0129915 1000000.0 0 0 0 
755 0 0 0.0169651 1000000.0 0 0 0 
756 0 0 0.0209003 1000000.0 0 0 0 
757 0 0 0.0159179 1000000.0 0 0 0 
758 0 0 0.0157337 1000000.0 0 0 0 
759 0 0 0.0118835 1000000.0 0 0 0 
760 0 0 0.00921485 1000000.0 0 0 0 
761 0 0 0.0142773 1000000.0 0 0 0 
762 0 0 0.0132807 1000000.0 0 0 0 
763 0 0 0.00607579 1000000.0 0 0 0 
764 0 0 0.00243976 1000000.0 0 0 0 
765 0 0 0 1000000.0 0 0 0 
766 0 0 0.00154575 1000000.0 0 0 0 
767 0 0 0 1000000.0 0 0 0 
768 0 0 0 1000000.0 0 0 0 
769 0 0 0 1000000.0 0 0 0 
770 0 0 0 1000000.0 0 0 0 
771 0 0 0 1000000.0 0 0 0 
772 0 0 0 1000000.0 0 0 0 
773 0 0 0.0012592 1000000.0 0 0 0 
774 0 0 0.000739659 1000000.0 0 0 0 
775 0 0 0.00196891 1000000.0 0 0 0 
776 0 0 0.00530762 1000000.0 0 0 0 
777 0 0 0.00841906 1000000.0 0 0 0 
778 0 0 0.0138868 1000000.0 0 0 0 
778.415 2.41087 0 0.0138937 1000000.0 0 0 0 
780 0 0 0.0185574 1000000.0 0 0 0 
781 0 0 0.0196687 1000000.0 0 0 0 
782 0 0 0.0220989 1000000.0 0 0 0 
783 0 0 0.0202314 1000000.0 0 0 0 
784 0 0 0.0201336 1000000.0 0 0 0 
785 0 0 0.0173926 1000000.0 0 0 0 
786 0 0 0.0130516 1000000.0 0 0 0 
787 0 0 0.00599836 1000000.0 0 0 0 
788 0 0 0.00118347 1000000.0 0 0 0 
789 0 0 0 1000000.0 0 0 0 
790 0 0 0 1000000.0 0 0 0 
791 0 0 0 1000000.0 0 0 0 
792 0 0 0 1000000.0 0 0 0 
793 0 0 0 1000000.0 0 0 0 
794 0 0 0 1000000.0 0 0 0 
795 0 0 0 1000000.0 0 0 0 
796 0 0 0 1000000.0 0 0 0 
797 0 0 0.00296248 1000000.0 0 0 0 
798 0 0 0.0035897 1000000.0 0 0 0 
799 0 0 0.00238103 1000000.0 0 0 0 
800 0 0 0.00624603 1000000.0 0 0 0 
801 0 0 0.0108125 1000000.0 0 0 0 
802 0 0 0.016266 1000000.0 0 0 0 
803 0 0 0.0203007 1000000.0 0 0 0 
804 0 0 0.0241172 1000000.0 0 0 0 
805 0 0 0.0277027 1000000.0 0 0 0 
806 0 0 0.0259177 1000000.0 0 0 0 
807 0 0 0.0271363 1000000.0 0 0 0 
808 0 0 0.0187657 1000000.0 0 0 0 
809 0 0 0.0138742 1000000.0 0 0 0 
810 0 0 0.0114592 1000000.0 0 0 0 
811 0 0 0.00524004 1000000.0 0 0 0 
812 0 0 0.00465842 1000000.0 0 0 0 
813 0 0 0.00469996 1000000.0 0 0 0 
814 0 0 0.00137113 1000000.0 0 0 0 
815 0 0 0.00291889 1000000.0 0 0 0 
816 0 0 0.00266143 1000000.0 0 0 0 
817 0 0 0.00283991 1000000.0 0 0 0 
818 0 0 0.00218568 1000000.0 0 0 0 
819 0 0 0.00210092 1000000.0 0 0 0 
820 0 0 0.00245428 1000000.0 0 0 0 
821 0 0 0.00423146 1000000.0 0 0 0 
822 0 0 0.00411967 1000000.0 0 0 0 
823 0 0 0.00412748 1000000.0 0 0 0 
824 0 0 0.00509245 1000000.0 0 0 0 
824.415 2.41087 0 0.00509485 1000000.0 0 0 0 
826 0 0 0.0124631 1000000.0 0 0 0 
827 0 0 0.0162409 1000000.0 0 0 0 
828 0 0 0.0165213 1000000.0 0 0 0 
829 0 0 0.0211054 1000000.0 0 0 0 
830 0 0 0.0233729 1000000.0 0 0 0 
831 0 0 0.0225552 1000000.0 0 0 0 
832 0 0 0.0211031 1000000.0 0 0 0 
833 0 0 0.0160364 1000000.0 0 0 0 
834 0 0 0.011915 1000000.0 0 0 0 
835 0 0 0.0071736 1000000.0 0 0 0 
836 0 0 0.00419132 1000000.0 0 0 0 
837 0 0 0.00055567 1000000.0 0 0 0 
838 0 0 0 1000000.0 0 0 0 
839 0 0 0 1000000.0 0 0 0 
840 0 0 0 1000000.0 0 0 0 
841 0 0 0 1000000.0 0 0 0 
842 0 0 0 1000000.0 0 0 0 
843 0 0 0 1000000.0 0 0 0 
844 0 0 0 1000000.0 0 0 0 
845 0 0 0.00078641 1000000.0 0 0 0 
846 0 0 0.000776487 1000000.0 0 0 0 
847 0 0 0.00207777 1000000.0 0 0 0 
848 0 0 0.00496101 1000000.0 0 0 0 
849 0 0 0.00926079 1000000.0 0 0 0 
850 0 0 0.0130444 1000000.0 0 0 0 
851 0 0 0.0171302 1000000.0 0 0 0 
852 0 0 0.0205217 1000000.0 0 0 0 
853 0 0 0.0227761 1000000.0 0 0 0 
854 0 0 0.0239661 1000000.0 0 0 0 
855 0 0 0.0227222 1000000.0 0 0 0 
856 0 0 0.0199349 1000000.0 0 0 0 
857 0 0 0.0166703 1000000.0 0 0 0 
858 0 0 0.0122911 1000000.0 0 0 0 
859 0 0 0.00583573 1000000.0 0 0 0 
860 0 0 0.00189905 1000000.0 0 0 0 
861 0 0 0 1000000.0 0 0 0 
861.415 2.41087 0 0 1000000.0 0 0 0 
863 0 0 0 1000000.0 0 0 0 
864 0 0 0 1000000.0 0 0 0 
865 0 0 0 1000000.0 0 0 0 
866 0 0 0 1000000.0 0 0 0 
867 0 0 0 1000000.0 0 0 0 
868 0 0 0 1000000.0 0 0 0 
869 0 0 0.000789893 1000000.0 0 0 0 
870 0 0 0.00091313 1000000.0 0 0 0 
871 0 0 0.00246896 1000000.0 0 0 0 
872 0 0 0.00591703 1000000.0 0 0 0 
873 0 0 0.0106197 1000000.0 0 0 0 
874 0 0 0.0155473 1000000.0 0 0 0 
875 0 0 0.0197008 1000000.0 0 0 0 
876 0 0 0.0237124 1000000.0 0 0 0 
877 0 0 0.0269016 1000000.0 0 0 0 
878 0 0 0.0277915 1000000.0 0 0 0 
879 0 0 0.0262065 1000000.0 0 0 0 
880 0 0 0.0223236 1000000.0 0 0 0 
881 0 0 0.0180385 1000000.0 0 0 0 
882 0 0 0.0136991 1000000.0 0 0 0 
883 0 0 0.00495923 1000000.0 0 0 0 
884 0 0 0.00150384 1000000.0 0 0 0 
884.415 2.41087 0 0.0015045 1000000.0 0 0 0 
886 0 0 0 1000000.0 0 0 0 
887 0 0 0 1000000.0 0 0 0 
888 0 0 0 1000000.0 0 0 0 
889 0 0 0 1000000.0 0 0 0 
890 0 0 0 1000000.0 0 0 0 
891 0 0 0 1000000.0 0 0 0 
892 0 0 0 1000000.0 0 0 0 
893 0 0 0.00101914 1000000.0 0 0 0 
894 0 0 0.00164652 1000000.0 0 0 0 
895 0 0 0.00295833 1000000.0 0 0 0 
896 0 0 0.00640743 1000000.0 0 0 0 
897 0 0 0.0111978 1000000.0 0 0 0 
898 0 0 0.0168628 1000000.0 0 0 0 
899 0 0 0.0213853 1000000.0 0 0 0 
900 0 0 0.0244971 1000000.0 0 0 0 
901 0 0 0.0279381 1000000.0 0 0 0 
902 0 0 0.0236167 1000000.0 0 0 0 
903 0 0 0.0172685 1000000.0 0 0 0 
904 0 0 0.0145482 1000000.0 0 0 0 
905 0 0 0.0118943 1000000.0 0 0 0 
906 0 0 0.00740854 1000000.0 0 0 0 
907 0 0 0.000743029 1000000.0 0 0 0 
907.415 2.41087 0 0.000743343 1000000.0 0 0 0 
909 0 0 0 1000000.0 0 0 0 
910 0 0 0 1000000.0 0 0 0 
911 0 0 0 1000000.0 0 0 0 
912 0 0 0 1000000.0 0 0 0 
913 0 0 0 1000000.0 0 0 0 
914 0 0 0 1000000.0 0 0 0 
915 0 0 0 1000000.0 0 0 0 
916 0 0 0 1000000.0 0 0 0 
917 0 0 0.00123905 1000000.0 0 0 0 
918 0 0 0.00126557 1000000.0 0 0 0 
919 0 0 0.00245047 1000000.0 0 0 0 
920 0 0 0.00582621 1000000.0 0 0 0 
921 0 0 0.0105824 1000000.0 0 0 0 
922 0 0 0.0143523 1000000.0 0 0 0 
923 0 0 0.0159418 1000000.0 0 0 0 
924 0 0 0.0222603 1000000.0 0 0 0 
925 0 0 0.0223045 1000000.0 0 0 0 
926 0 0 0.0212409 1000000.0 0 0 0 
927 0 0 0.0146604 1000000.0 0 0 0 
928 0 0 0.00880736 1000000.0 0 0 0 
929 0 0 0.00563121 1000000.0 0 0 0 
930 0 0 0.00240004 1000000.0 0 0 0 
931 0 0 0 1000000.0 0 0 0 
932 0 0 0 1000000.0 0 0 0 
933 0 0 0 1000000.0 0 0 0 
934 0 0 0 1000000.0 0 0 0 
935 0 0 0 1000000.0 0 0 0 
936 0 0 0 1000000.0 0 0 0 
937 0 0 0 1000000.0 0 0 0 
938 0 0 0 1000000.0 0 0 0 
939 0 0 0 1000000.0 0 0 0 
940 0 0 0 1000000.0 0 0 0 
941 0 0 0.000907689 1000000.0 0 0 0 
942 0 0 0.00100165 1000000.0 0 0 0 
943 0 0 0.00220184 1000000.0 0 0 0 
944 0 0 0.00579792 1000000.0 0 0 0 
945 0 0 0.0109134 1000000.0 0 0 0 
946 0 0 0.0160543 1000000.0 0 0 0 
947 0 0 0.0205688 1000000.0 0 0 0 
948 0 0 0.0247542 1000000.0 0 0 0 
949 0 0 0.0277206 1000000.0 0 0 0 
950 0 0 0.0286614 1000000.0 0 0 0 
951 0 0 0.027552 1000000.0 0 0 0 
952 0 0 0.0238263 1000000.0 0 0 0 
953 0 0 0.0211108 1000000.0 0 0 0 
954 0 0 0.0141306 1000000.0 0 0 0 
955 0 0 0.00517087 1000000.0 0 0 0 
955.415 2.41087 0 0.00517291 1000000.0 0 0 0 
957 0 0 0 1000000.0 0 0 0 
958 0 0 0 1000000.0 0 0 0 
959 0 0 0.00254617 1000000.0 0 0 0 
960 0 0 0.00209296 1000000.0 0 0 0 
961 0 0 0 1000000.0 0 0 0 
962 0 0 0 1000000.0 0 0 0 
963 0 0 0.0005836 1000000.0 0 0 0 
964 0 0 0 1000000.0 0 0 0 
965 0 0 0.00156847 1000000.0 0 0 0 
966 0 0 0.0011746 1000000.0 0 0 0 
967 0 0 0.00110101 1000000.0 0 0 0 
968 0 0 0.00139563 1000000.0 0 0 0 
969 0 0 0.00283322 1000000.0 0 0 0 
970 0 0 0.00729745 1000000.0 0 0 0 
971 0 0 0.0126633 1000000.0 0 0 0 
972 0 0 0.0205856 1000000.0 0 0 0 
973 0 0 0.0223777 1000000.0 0 0 0 
974 0 0 0.0273266 1000000.0 0 0 0 
975 0 0 0.0283724 1000000.0 0 0 0 
976 0 0 0.01875 1000000.0 0 0 0 
977 0 0 0.00858646 1000000.0 0 0 0 
978 0 0 0.00528108 1000000.0 0 0 0 
979 0 0 0.000852604 1000000.0 0 0 0 
980 0 0 0.0016058 1000000.0 0 0 0 
981 0 0 0 1000000.0 0 0 0 
982 0 0 0 1000000.0 0 0 0 
983 0 0 0 1000000.0 0 0 0 
984 0 0 0 1000000.0 0 0 0 
985 0 0 0 1000000.0 0 0 0 
986 0 0 0 1000000.0 0 0 0 
987 0 0 0 1000000.0 0 0 0 
988 0 0 0 1000000.0 0 0 0 
989 0 0 0.00101378 1000000.0 0 0 0 
990 0 0 0.00117105 1000000.0 0 0 0 
991 0 0 0.00160112 1000000.0 0 0 0 
992 0 0 0.00487086 1000000.0 0 0 0 
993 0 0 0.0095817 1000000.0 0 0 0 
994 0 0 0.0165018 1000000.0 0 0 0 
995 0 0 0.0212573 1000000.0 0 0 0 
996 0 0 0.0254219 1000000.0 0 0 0 
997 0 0 0.0286741 1000000.0 0 0 0 
998 0 0 0.0298003 1000000.0 0 0 0 
999 0 0 0.0284342 1000000.0 0 0 0 
1000 0 0 0.0244971 1000000.0 0 0 0 
1001 0 0 0.0185051 1000000.0 0 0 0 
1002 0 0 0.00714612 1000000.0 0 0 0 
1003 0 0 0.0021014 1000000.0 0 0 0 
1004 0 0 0.00451898 1000000.0 0 0 0 
1005 0 0 0.000303821 1000000.0 0 0 0 
1006 0 0 0 1000000.0 0 0 0 
1007 0 0 0 1000000.0 0 0 0 
1008 0 0 0 1000000.0 0 0 0 
1009 0 0 0 1000000.0 0 0 0 
1010 0 0 0 1000000.0 0 0 0 
1011 0 0 0 1000000.0 0 0 0 
1012 0 0 0 1000000.0 0 0 0 
1013 0 0 0.000923248 1000000.0 0 0 0 
1014 0 0 0.000925477 1000000.0 0 0 0 
1015 0 0 0.00220863 1000000.0 0 0 0 
1016 0 0 0.00668043 1000000.0 0 0 0 
1017 0 0 0.00888307 1000000.0 0 0 0 
1018 0 0 0.0166558 1000000.0 0 0 0 
1019 0 0 0.0229956 1000000.0 0 0 0 
1019.41 2.41087 0 0.0230038 1000000.0 0 0 0 
1021 0 0 0.0184425 1000000.0 0 0 0 
1022 0 0 0.0185091 1000000.0 0 0 0 
1023 0 0 0.0153136 1000000.0 0 0 0 
1024 0 0 0.0155488 1000000.0 0 0 0 
1025 0 0 0.0103726 1000000.0 0 0 0 
1026 0 0 0.00367403 1000000.0 0 0 0 
1027 0 0 0.00195752 1000000.0 0 0 0 
1028 0 0 0.0016207 1000000.0 0 0 0 
1029 0 0 0 1000000.0 0 0 0 
1030 0 0 0 1000000.0 0 0 0 
1031 0 0 0 1000000.0 0 0 0 
1032 0 0 0 1000000.0 0 0 0 
1033 0 0 0 1000000.0 0 0 0 
1034 0 0 0 1000000.0 0 0 0 
1035 0 0 0 1000000.0 0 0 0 
1036 0 0 0 1000000.0 0 0 0 
1037 0 0 0.000945571 1000000.0 0 0 0 
1038 0 0 0.000918506 1000000.0 0 0 0 
1039 0 0 0.00143316 1000000.0 0 0 0 
1040 0 0 0.00458878 1000000.0 0 0 0 
1041 0 0 0.0043272 1000000.0 0 0 0 
1042 0 0 0.0055849 1000000.0 0 0 0 
1043 0 0 0.00921959 1000000.0 0 0 0 
1044 0 0 0.024507 1000000.0 0 0 0 
1045 0 0 0.0290266 1000000.0 0 0 0 
1046 0 0 0.0297625 1000000.0 0 0 0 
1047 0 0 0.0288615 1000000.0 0 0 0 
1048 0 0 0.0251696 1000000.0 0 0 0 
1049 0 0 0.021085 1000000.0 0 0 0 
1050 0 0 0.0162036 1000000.0 0 0 0 
1051 0 0 0.0074803 1000000.0 0 0 0 
1052 0 0 0.00196294 1000000.0 0 0 0 
1053 0 0 0.000451654 1000000.0 0 0 0 
1054 0 0 0 1000000.0 0 0 0 
1055 0 0 0 1000000.0 0 0 0 
1056 0 0 0 1000000.0 0 0 0 
1057 0 0 0 1000000.0 0 0 0 
1058 0 0 0 1000000.0 0 0 0 
1059 0 0 0 1000000.0 0 0 0 
1060 0 0 0 1000000.0 0 0 0 
1061 0 0 0.00101389 1000000.0 0 0 0 
1062 0 0 0.00109031 1000000.0 0 0 0 
1063 0 0 0.0017767 1000000.0 0 0 0 
1064 0 0 0.0065757 1000000.0 0 0 0 
1064.41 2.41087 0 0.00657788 1000000.0 0 0 0 
1066 0 0 0.0121117 1000000.0 0 0 0 
1067 0 0 0.0159496 1000000.0 0 0 0 
1068 0 0 0.0219209 1000000.0 0 0 0 
1069 0 0 0.0317129 1000000.0 0 0 0 
1070 0 0 0.0252602 1000000.0 0 0 0 
1071 0 0 0.0292749 1000000.0 0 0 0 
1072 0 0 0.0268933 1000000.0 0 0 0 
1073 0 0 0.00714836 1000000.0 0 0 0 
1074 0 0 0.00274094 1000000.0 0 0 0 
1075 0 0 0 1000000.0 0 0 0 
1076 0 0 0 1000000.0 0 0 0 
1077 0 0 0 1000000.0 0 0 0 
1078 0 0 0 1000000.0 0 0 0 
1079 0 0 0 1000000.0 0 0 0 
1080 0 0 0 1000000.0 0 0 0 
1081 0 0 0 1000000.0 0 0 0 
1082 0 0 0.000457445 1000000.0 0 0 0 
1083 0 0 0 1000000.0 0 0 0 
1084 0 0 0 1000000.0 0 0 0 
1085 0 0 0.0011898 1000000.0 0 0 0 
1086 0 0 0.00120603 1000000.0 0 0 0 
1087 0 0 0.0026007 1000000.0 0 0 0 
1088 0 0 0.00744754 1000000.0 0 0 0 
1089 0 0 0.0105559 1000000.0 0 0 0 
1090 0 0 0.017068 1000000.0 0 0 0 
1091 0 0 0.0226345 1000000.0 0 0 0 
1092 0 0 0.0261513 1000000.0 0 0 0 
1093 0 0 0.0247486 1000000.0 0 0 0 
1094 0 0 0.0269779 1000000.0 0 0 0 
1095 0 0 0.0195519 1000000.0 0 0 0 
1096 0 0 0.0147837 1000000.0 0 0 0 
1097 0 0 0.00843057 1000000.0 0 0 0 
1098 0 0 0.00478559 1000000.0 0 0 0 
1099 0 0 0.00274834 1000000.0 0 0 0 
1100 0 0 0.000606497 1000000.0 0 0 0 
1101 0 0 0 1000000.0 0 0 0 
1102 0 0 0 1000000.0 0 0 0 
1103 0 0 0 1000000.0 0 0 0 
1104 0 0 0 1000000.0 0 0 0 
1105 0 0 0 1000000.0 0 0 0 
1106 0 0 0 1000000.0 0 0 0 
1107 0 0 0 1000000.0 0 0 0 
1108 0 0 0 1000000.0 0 0 0 
1109 0 0 0.0023234 1000000.0 0 0 0 
1110 0 0 0.0018743 1000000.0 0 0 0 
1111 0 0 0.00406231 1000000.0 0 0 0 
1112 0 0 0.00630086 1000000.0 0 0 0 
1113 0 0 0.0119082 1000000.0 0 0 0 
1113.41 2.41087 0 0.0119119 1000000.0 0 0 0 
1115 0 0 0.0234965 1000000.0 0 0 0 
1116 0 0 0.0281235 1000000.0 0 0 0 
1117 0 0 0.0317372 1000000.0 0 0 0 
1118 0 0 0.0319079 1000000.0 0 0 0 
1119 0 0 0.0311361 1000000.0 0 0 0 
1120 0 0 0.0168864 1000000.0 0 0 0 
1121 0 0 0.00978487 1000000.0 0 0 0 
1122 0 0 0.00856392 1000000.0 0 0 0 
1123 0 0 0.00492985 1000000.0 0 0 0 
1124 0 0 0 1000000.0 0 0 0 
1125 0 0 0 1000000.0 0 0 0 
1126 0 0 0 1000000.0 0 0 0 
1127 0 0 0 1000000.0 0 0 0 
1128 0 0 0 1000000.0 0 0 0 
1129 0 0 0 1000000.0 0 0 0 
1130 0 0 0 1000000.0 0 0 0 
1131 0 0 0 1000000.0 0 0 0 
1132 0 0 0 1000000.0 0 0 0 
1133 0 0 0.00167465 1000000.0 0 0 0 
1134 0 0 0.00142806 1000000.0 0 0 0 
1135 0 0 0.00216394 1000000.0 0 0 0 
1136 0 0 0.00659948 1000000.0 0 0 0 
1136.41 2.41087 0 0.00660142 1000000.0 0 0 0 
1138 0 0 0.0188069 1000000.0 0 0 0 
1139 0 0 0.0243173 1000000.0 0 0 0 
1140 0 0 0.028628 1000000.0 0 0 0 
1141 0 0 0.0319819 1000000.0 0 0 0 
1142 0 0 0.0329543 1000000.0 0 0 0 
1143 0 0 0.0318361 1000000.0 0 0 0 
1144 0 0 0.0275156 1000000.0 0 0 0 
1145 0 0 0.0222381 1000000.0 0 0 0 
1146 0 0 0.0165916 1000000.0 0 0 0 
1147 0 0 0.00624945 1000000.0 0 0 0 
1148 0 0 0.00290605 1000000.0 0 0 0 
1149 0 0 0 1000000.0 0 0 0 
1150 0 0 0 1000000.0 0 0 0 
1151 0 0 0 1000000.0 0 0 0 
1152 0 0 0 1000000.0 0 0 0 
1153 0 0 0 1000000.0 0 0 0 
1154 0 0 0 1000000.0 0 0 0 
1155 0 0 0 1000000.0 0 0 0 
1156 0 0 0 1000000.0 0 0 0 
1157 0 0 0.00120217 1000000.0 0 0 0 
1158 0 0 0.00178646 1000000.0 0 0 0 
1159 0 0 0.0030636 1000000.0 0 0 0 
1160 0 0 0.00744496 1000000.0 0 0 0 
1161 0 0 0.0133291 1000000.0 0 0 0 
1162 0 0 0.0194629 1000000.0 0 0 0 
1163 0 0 0.0250615 1000000.0 0 0 0 
1164 0 0 0.029559 1000000.0 0 0 0 
1165 0 0 0.0329413 1000000.0 0 0 0 
1166 0 0 0.0347009 1000000.0 0 0 0 
1167 0 0 0.033876 1000000.0 0 0 0 
1168 0 0 0.0283804 1000000.0 0 0 0 
1169 0 0 0.0229781 1000000.0 0 0 0 
1170 0 0 0.0163282 1000000.0 0 0 0 
1171 0 0 0.00688324 1000000.0 0 0 0 
1172 0 0 0.00223799 1000000.0 0 0 0 
1173 0 0 0 1000000.0 0 0 0 
1174 0 0 0 1000000.0 0 0 0 
1175 0 0 0 1000000.0 0 0 0 
1176 0 0 0 1000000.0 0 0 0 
1177 0 0 0 1000000.0 0 0 0 
1178 0 0 0 1000000.0 0 0 0 
1179 0 0 0 1000000.0 0 0 0 
1180 0 0 0 1000000.0 0 0 0 
1181 0 0 0.00115509 1000000.0 0 0 0 
1182 0 0 0.00131504 1000000.0 0 0 0 
1183 0 0 0.00255945 1000000.0 0 0 0 
1184 0 0 0.00717269 1000000.0 0 0 0 
1185 0 0 0.0129028 1000000.0 0 0 0 
1186 0 0 0.0194103 1000000.0 0 0 0 
1187 0 0 0.0243603 1000000.0 0 0 0 
1188 0 0 0.0293426 1000000.0 0 0 0 
1189 0 0 0.032206 1000000.0 0 0 0 
1190 0 0 0.0264279 1000000.0 0 0 0 
1191 0 0 0.0172643 1000000.0 0 0 0 
1192 0 0 0.0136885 1000000.0 0 0 0 
1193 0 0 0.0152023 1000000.0 0 0 0 
1194 0 0 0.0134644 1000000.0 0 0 0 
1195 0 0 0.00446509 1000000.0 0 0 0 
1196 0 0 0.00121009 1000000.0 0 0 0 
1196.41 2.41087 0 0.00121041 1000000.0 0 0 0 
1198 0 0 0 1000000.0 0 0 0 
1199 0 0 0 1000000.0 0 0 0 
1200 0 0 0 1000000.0 0 0 0 
1201 0 0 0 1000000.0 0 0 0 
1202 0 0 0 1000000.0 0 0 0 
1203 0 0 0 1000000.0 0 0 0 
1204 0 0 0 1000000.0 0 0 0 
1205 0 0 0.00214829 1000000.0 0 0 0 
1206 0 0 0.00130497 1000000.0 0 0 0 
1207 0 0 0.00279798 1000000.0 0 0 0 
1208 0 0 0.00852218 1000000.0 0 0 0 
1209 0 0 0.0130044 1000000.0 0 0 0 
1210 0 0 0.018615 1000000.0 0 0 0 
1211 0 0 0.0242936 1000000.0 0 0 0 
1212 0 0 0.0295378 1000000.0 0 0 0 
1213 0 0 0.0326005 1000000.0 0 0 0 
1214 0 0 0.0350682 1000000.0 0 0 0 
1215 0 0 0.0326017 1000000.0 0 0 0 
1216 0 0 0.0290827 1000000.0 0 0 0 
1217 0 0 0.0261357 1000000.0 0 0 0 
1218 0 0 0.019954 1000000.0 0 0 0 
1219 0 0 0.009288 1000000.0 0 0 0 
1220 0 0 4.24e-005 1000000.0 0 0 0 
1221 0 0 0.00124791 1000000.0 0 0 0 
1222 0 0 0 1000000.0 0 0 0 
1223 0 0 0.00123515 1000000.0 0 0 0 
1224 0 0 0 1000000.0 0 0 0 
1225 0 0 0 1000000.0 0 0 0 
1226 0 0 0 1000000.0 0 0 0 
1227 0 0 0 1000000.0 0 0 0 
1228 0 0 0 1000000.0 0 0 0 
1229 0 0 0.00177666 1000000.0 0 0 0 
1230 0 0 0.00145328 1000000.0 0 0 0 
1231 0 0 0.00236791 1000000.0 0 0 0 
1232 0 0 0.00593529 1000000.0 0 0 0 
1233 0 0 0.0139473 1000000.0 0 0 0 
1234 0 0 0.0164987 1000000.0 0 0 0 
1234.41 2.41087 0 0.0165027 1000000.0 0 0 0 
1236 0 0 0.0308009 1000000.0 0 0 0 
1237 0 0 0.0352854 1000000.0 0 0 0 
1238 0 0 0.0280054 1000000.0 0 0 0 
1239 0 0 0.0357668 1000000.0 0 0 0 
1240 0 0 0.0311008 1000000.0 0 0 0 
1241 0 0 0.0262822 1000000.0 0 0 0 
1242 0 0 0.019556 1000000.0 0 0 0 
1243 0 0 0.00882954 1000000.0 0 0 0 
1244 0 0 0.00272619 1000000.0 0 0 0 
1245 0 0 0 1000000.0 0 0 0 
1246 0 0 0 1000000.0 0 0 0 
1247 0 0 0 1000000.0 0 0 0 
1248 0 0 0 1000000.0 0 0 0 
1249 0 0 0 1000000.0 0 0 0 
1250 0 0 0 1000000.0 0 0 0 
1251 0 0 0 1000000.0 0 0 0 
1252 0 0 0 1000000.0 0 0 0 
1253 0 0 0.00226221 1000000.0 0 0 0 
1254 0 0 0.00192707 1000000.0 0 0 0 
1255 0 0 0.00376896 1000000.0 0 0 0 
1256 0 0 0.00783391 1000000.0 0 0 0 
1257 0 0 0.0140765 1000000.0 0 0 0 
1258 0 0 0.0202826 1000000.0 0 0 0 
1258.41 2.41087 0 0.0202874 1000000.0 0 0 0 
1260 0 0 0.0318094 1000000.0 0 0 0 
1261 0 0 0.0355629 1000000.0 0 0 0 
1262 0 0 0.0360978 1000000.0 0 0 0 
1263 0 0 0.0361309 1000000.0 0 0 0 
1264 0 0 0.0203245 1000000.0 0 0 0 
1265 0 0 0.0129122 1000000.0 0 0 0 
1266 0 0 0.00952825 1000000.0 0 0 0 
1267 0 0 0.0027607 1000000.0 0 0 0 
1268 0 0 0.000679257 1000000.0 0 0 0 
1269 0 0 0 1000000.0 0 0 0 
1270 0 0 0 1000000.0 0 0 0 
1271 0 0 0 1000000.0 0 0 0 
1272 0 0 0 1000000.0 0 0 0 
1273 0 0 0 1000000.0 0 0 0 
1274 0 0 0 1000000.0 0 0 0 
1275 0 0 0 1000000.0 0 0 0 
1276 0 0 0 1000000.0 0 0 0 
1277 0 0 0.00191831 1000000.0 0 0 0 
1278 0 0 0.00128064 1000000.0 0 0 0 
1279 0 0 0.00343479 1000000.0 0 0 0 
1280 0 0 0.00793569 1000000.0 0 0 0 
1281 0 0 0.0140483 1000000.0 0 0 0 
1282 0 0 0.0206415 1000000.0 0 0 0 
1283 0 0 0.0268232 1000000.0 0 0 0 
1283.21 2.41087 0 0.0268263 1000000.0 0 0 0 
1285 0 0 0.0357392 1000000.0 0 0 0 
1286 0 0 0.0376096 1000000.0 0 0 0 
1287 0 0 0.0363573 1000000.0 0 0 0 
1288 0 0 0.0312197 1000000.0 0 0 0 
1289 0 0 0.0249637 1000000.0 0 0 0 
1290 0 0 0.0180713 1000000.0 0 0 0 
1291 0 0 0.00475176 1000000.0 0 0 0 
1292 0 0 0.00133052 1000000.0 0 0 0 
1293 0 0 0 1000000.0 0 0 0 
1294 0 0 0 1000000.0 0 0 0 
1295 0 0 0 1000000.0 0 0 0 
1296 0 0 0 1000000.0 0 0 0 
1297 0 0 0 1000000.0 0 0 0 
1298 0 0 0 1000000.0 0 0 0 
1299 0 0 0 1000000.0 0 0 0 
1300 0 0 0 1000000.0 0 0 0 
1301 0 0 0.00169969 1000000.0 0 0 0 
1302 0 0 0.00129895 1000000.0 0 0 0 
1303 0 0 0.00243906 1000000.0 0 0 0 
1304 0 0 0.00595964 1000000.0 0 0 0 
1305 0 0 0.011237 1000000.0 0 0 0 
1306 0 0 0.0177593 1000000.0 0 0 0 
1307 0 0 0.0239064 1000000.0 0 0 0 
1308 0 0 0.0298333 1000000.0 0 0 0 
1309 0 0 0.0335894 1000000.0 0 0 0 
1310 0 0 0.0361595 1000000.0 0 0 0 
1311 0 0 0.0348061 1000000.0 0 0 0 
1312 0 0 0.0297257 1000000.0 0 0 0 
1313 0 0 0.0243636 1000000.0 0 0 0 
1314 0 0 0.0186893 1000000.0 0 0 0 
1315 0 0 0.00807242 1000000.0 0 0 0 
1316 0 0 0.00233935 1000000.0 0 0 0 
1317 0 0 0 1000000.0 0 0 0 
1318 0 0 0 1000000.0 0 0 0 
1319 0 0 0 1000000.0 0 0 0 
1320 0 0 0 1000000.0 0 0 0 
1321 0 0 0 1000000.0 0 0 0 
1322 0 0 0 1000000.0 0 0 0 
1323 0 0 0 1000000.0 0 0 0 
1324 0 0 0 1000000.0 0 0 0 
1325 0 0 0.0014192 1000000.0 0 0 0 
1326 0 0 0.00120998 1000000.0 0 0 0 
1327 0 0 0.00230833 1000000.0 0 0 0 
1328 0 0 0.00774911 1000000.0 0 0 0 
1329 0 0 0.0150114 1000000.0 0 0 0 
1330 0 0 0.0184207 1000000.0 0 0 0 
1331 0 0 0.0275534 1000000.0 0 0 0 
1331.41 2.41087 0 0.027559 1000000.0 0 0 0 
1333 0 0 0.0348439 1000000.0 0 0 0 
1334 0 0 0.0391997 1000000.0 0 0 0 
1335 0 0 0.0335881 1000000.0 0 0 0 
1336 0 0 0.0335108 1000000.0 0 0 0 
1337 0 0 0.0275781 1000000.0 0 0 0 
1338 0 0 0.0234118 1000000.0 0 0 0 
1339 0 0 0.0126923 1000000.0 0 0 0 
1340 0 0 0.00827217 1000000.0 0 0 0 
1341 0 0 0.00570935 1000000.0 0 0 0 
1342 0 0 0.00427159 1000000.0 0 0 0 
1343 0 0 0 1000000.0 0 0 0 
1344 0 0 0 1000000.0 0 0 0 
1345 0 0 0.000895006 1000000.0 0 0 0 
1346 0 0 0 1000000.0 0 0 0 
1347 0 0 0 1000000.0 0 0 0 
1348 0 0 0 1000000.0 0 0 0 
1349 0 0 0.00204279 1000000.0 0 0 0 
1350 0 0 0.00193757 1000000.0 0 0 0 
1351 0 0 0.00223083 1000000.0 0 0 0 
1352 0 0 0.00718475 1000000.0 0 0 0 
1353 0 0 0.0142742 1000000.0 0 0 0 
1354 0 0 0.020466 1000000.0 0 0 0 
1355 0 0 0.0259002 1000000.0 0 0 0 
1356 0 0 0.0267483 1000000.0 0 0 0 
1357 0 0 0.0362618 1000000.0 0 0 0 
1358 0 0 0.0371443 1000000.0 0 0 0 
1359 0 0 0.0225289 1000000.0 0 0 0 
1360 0 0 0.0256825 1000000.0 0 0 0 
1361 0 0 0.0270167 1000000.0 0 0 0 
1362 0 0 0.019667 1000000.0 0 0 0 
1363 0 0 0.00689086 1000000.0 0 0 0 
1364 0 0 0.00125555 1000000.0 0 0 0 
1364.41 2.41087 0 0.00125579 1000000.0 0 0 0 
1366 0 0 0 1000000.0 0 0 0 
1367 0 0 0 1000000.0 0 0 0 
1368 0 0 0 1000000.0 0 0 0 
1369 0 0 0 1000000.0 0 0 0 
1370 0 0 0 1000000.0 0 0 0 
1371 0 0 0 1000000.0 0 0 0 
1372 0 0 0 1000000.0 0 0 0 
1373 0 0 0.00137751 1000000.0 0 0 0 
1374 0 0 0.00192336 1000000.0 0 0 0 
1375 0 0 0.00286332 1000000.0 0 0 0 
1376 0 0 0.00648664 1000000.0 0 0 0 
1377 0 0 0.0137014 1000000.0 0 0 0 
1378 0 0 0.0208906 1000000.0 0 0 0 
1379 0 0 0.0267979 1000000.0 0 0 0 
1380 0 0 0.0321175 1000000.0 0 0 0 
1381 0 0 0.0352224 1000000.0 0 0 0 
1382 0 0 0.0308769 1000000.0 0 0 0 
1383 0 0 0.0233067 1000000.0 0 0 0 
1384 0 0 0.0234532 1000000.0 0 0 0 
1385 0 0 0.0106064 1000000.0 0 0 0 
1386 0 0 0.00738235 1000000.0 0 0 0 
1387 0 0 0.00538182 1000000.0 0 0 0 
1388 0 0 0.00040932 1000000.0 0 0 0 
1389 0 0 0 1000000.0 0 0 0 
1390 0 0 0 1000000.0 0 0 0 
1391 0 0 0 1000000.0 0 0 0 
1392 0 0 0 1000000.0 0 0 0 
1393 0 0 0 1000000.0 0 0 0 
1394 0 0 0 1000000.0 0 0 0 
1395 0 0 0 1000000.0 0 0 0 
1396 0 0 0 1000000.0 0 0 0 
1397 0 0 0.00115571 1000000.0 0 0 0 
1398 0 0 0.0011425 1000000.0 0 0 0 
1399 0 0 0.00217705 1000000.0 0 0 0 
1400 0 0 0.00683359 1000000.0 0 0 0 
1401 0 0 0.0137564 1000000.0 0 0 0 
1402 0 0 0.0207222 1000000.0 0 0 0 
1403 0 0 0.0281188 1000000.0 0 0 0 
1404 0 0 0.0315975 1000000.0 0 0 0 
1405 0 0 0.0370968 1000000.0 0 0 0 
1406 0 0 0.0394926 1000000.0 0 0 0 
1407 0 0 0.0251641 1000000.0 0 0 0 
1408 0 0 0.0209691 1000000.0 0 0 0 
1409 0 0 0.0128242 1000000.0 0 0 0 
1410 0 0 0.0200666 1000000.0 0 0 0 
1411 0 0 0.00351079 1000000.0 0 0 0 
1412 0 0 0.000702118 1000000.0 0 0 0 
1412.59 2.41087 0 0.000963698 1000000.0 0 0 0 
1414 0 0 0.00254787 1000000.0 0 0 0 
1415 0 0 0.00217913 1000000.0 0 0 0 
1416 0 0 0.00219117 1000000.0 0 0 0 
1417 0 0 0.00141358 1000000.0 0 0 0 
1418 0 0 0.000643788 1000000.0 0 0 0 
1419 0 0 0.000781378 1000000.0 0 0 0 
1420 0 0 0 1000000.0 0 0 0 
1421 0 0 0.00125141 1000000.0 0 0 0 
1422 0 0 0.00124934 1000000.0 0 0 0 
1423 0 0 0.00148008 1000000.0 0 0 0 
1424 0 0 0.00238647 1000000.0 0 0 0 
1425 0 0 0.00488872 1000000.0 0 0 0 
1426 0 0 0.008769 1000000.0 0 0 0 
1427 0 0 0.0114141 1000000.0 0 0 0 
1428 0 0 0.0137896 1000000.0 0 0 0 
1429 0 0 0.0133668 1000000.0 0 0 0 
1430 0 0 0.0131603 1000000.0 0 0 0 
1431 0 0 0.0127015 1000000.0 0 0 0 
1432 0 0 0.00816492 1000000.0 0 0 0 
1433 0 0 0.00541284 1000000.0 0 0 0 
1434 0 0 0.00237426 1000000.0 0 0 0 
1435 0 0 0.000822399 1000000.0 0 0 0 
1436 0 0 0 1000000.0 0 0 0 
1437 0 0 0 1000000.0 0 0 0 
1438 0 0 0 1000000.0 0 0 0 
1439 0 0 0 1000000.0 0 0 0 
1440 0 0 0 1000000.0 0 0 0 
1441 0 0 0 1000000.0 0 0 0 
1442 0 0 0 1000000.0 0 0 0 
1443 0 0 0 1000000.0 0 0 0 
1444 0 0 0 1000000.0 0 0 0 
1445 0 0 0.0013417 1000000.0 0 0 0 
1446 0 0 0.00118707 1000000.0 0 0 0 
1447 0 0 0.00128659 1000000.0 0 0 0 
1448 0 0 0.00194541 1000000.0 0 0 0 
1449 0 0 0.00289128 1000000.0 0 0 0 
1450 0 0 0.00463968 1000000.0 0 0 0 
1451 0 0 0.00673903 1000000.0 0 0 0 
1452 0 0 0.0106484 1000000.0 0 0 0 
1453 0 0 0.00961012 1000000.0 0 0 0 
1454 0 0 0.00941685 1000000.0 0 0 0 
1455 0 0 0.00485192 1000000.0 0 0 0 
1456 0 0 0.00512857 1000000.0 0 0 0 
1457 0 0 0.00424911 1000000.0 0 0 0 
1458 0 0 0.00146232 1000000.0 0 0 0 
1459 0 0 0 1000000.0 0 0 0 
1460 0 0 0 1000000.0 0 0 0 
1461 0 0 0 1000000.0 0 0 0 
1462 0 0 0 1000000.0 0 0 0 
1463 0 0 0 1000000.0 0 0 0 
1464 0 0 0 1000000.0 0 0 0 
1465 0 0 0 1000000.0 0 0 0 
1466 0 0 0 1000000.0 0 0 0 
1467 0 0 0 1000000.0 0 0 0 
1468 0 0 0 1000000.0 0 0 0 
1469 0 0 0.00114888 1000000.0 0 0 0 
1470 0 0 0.00155214 1000000.0 0 0 0 
1471 0 0 0.00138385 1000000.0 0 0 0 
1472 0 0 0.00199095 1000000.0 0 0 0 
1473 0 0 0.00248311 1000000.0 0 0 0 
1474 0 0 0.0033874 1000000.0 0 0 0 
1475 0 0 0.00500586 1000000.0 0 0 0 
1476 0 0 0.00612748 1000000.0 0 0 0 
1477 0 0 0.00866261 1000000.0 0 0 0 
1478 0 0 0.00893257 1000000.0 0 0 0 
1479 0 0 0.00796068 1000000.0 0 0 0 
1480 0 0 0.00846986 1000000.0 0 0 0 
1481 0 0 0.0058808 1000000.0 0 0 0 
1482 0 0 0.00293172 1000000.0 0 0 0 
1483 0 0 0.000131286 1000000.0 0 0 0 
1484 0 0 0 1000000.0 0 0 0 
1485 0 0 0 1000000.0 0 0 0 
1486 0 0 0 1000000.0 0 0 0 
1487 0 0 0 1000000.0 0 0 0 
1488 0 0 0 1000000.0 0 0 0 
1489 0 0 0 1000000.0 0 0 0 
1490 0 0 0 1000000.0 0 0 0 
1491 0 0 0 1000000.0 0 0 0 
1492 0 0 0 1000000.0 0 0 0 
1493 0 0 0.00127664 1000000.0 0 0 0 
1494 0 0 0.00120141 1000000.0 0 0 0 
1495 0 0 0.00266542 1000000.0 0 0 0 
1496 0 0 0.00806405 1000000.0 0 0 0 
1497 0 0 0.0148212 1000000.0 0 0 0 
1498 0 0 0.0223119 1000000.0 0 0 0 
1499 0 0 0.0286431 1000000.0 0 0 0 
1500 0 0 0.0345608 1000000.0 0 0 0 
1501 0 0 0.0389732 1000000.0 0 0 0 
1502 0 0 0.0397518 1000000.0 0 0 0 
1503 0 0 0.0358284 1000000.0 0 0 0 
1504 0 0 0.0272177 1000000.0 0 0 0 
1505 0 0 0.0156055 1000000.0 0 0 0 
1506 0 0 0.0140898 1000000.0 0 0 0 
1507 0 0 0.00245513 1000000.0 0 0 0 
1508 0 0 0 1000000.0 0 0 0 
1509 0 0 0 1000000.0 0 0 0 
1510 0 0 0 1000000.0 0 0 0 
1511 0 0 0 1000000.0 0 0 0 
1512 0 0 0 1000000.0 0 0 0 
1513 0 0 0 1000000.0 0 0 0 
1514 0 0 0 1000000.0 0 0 0 
1515 0 0 0 1000000.0 0 0 0 
1516 0 0 0 1000000.0 0 0 0 
1517 0 0 0.00138928 1000000.0 0 0 0 
1518 0 0 0.00122027 1000000.0 0 0 0 
1519 0 0 0.00140624 1000000.0 0 0 0 
1520 0 0 0.00238994 1000000.0 0 0 0 
1521 0 0 0.00361561 1000000.0 0 0 0 
1522 0 0 0.00588654 1000000.0 0 0 0 
1523 0 0 0.0147719 1000000.0 0 0 0 
1524 0 0 0.0212396 1000000.0 0 0 0 
1525 0 0 0.0338682 1000000.0 0 0 0 
1526 0 0 0.034323 1000000.0 0 0 0 
1527 0 0 0.022609 1000000.0 0 0 0 
1528 0 0 0.0197818 1000000.0 0 0 0 
1529 0 0 0.0187485 1000000.0 0 0 0 
1530 0 0 0.008789 1000000.0 0 0 0 
1531 0 0 0.00256269 1000000.0 0 0 0 
1532 0 0 0.00125081 1000000.0 0 0 0 
1533 0 0 0 1000000.0 0 0 0 
1534 0 0 0 1000000.0 0 0 0 
1535 0 0 0 1000000.0 0 0 0 
1536 0 0 0 1000000.0 0 0 0 
1537 0 0 0 1000000.0 0 0 0 
1538 0 0 0 1000000.0 0 0 0 
1539 0 0 0 1000000.0 0 0 0 
1540 0 0 0 1000000.0 0 0 0 
1541 0 0 0.00134854 1000000.0 0 0 0 
1542 0 0 0.00160048 1000000.0 0 0 0 
1543 0 0 0.00230819 1000000.0 0 0 0 
1544 0 0 0.00507738 1000000.0 0 0 0 
1545 0 0 0.0113014 1000000.0 0 0 0 
1546 0 0 0.0188147 1000000.0 0 0 0 
1547 0 0 0.01654 1000000.0 0 0 0 
1548 0 0 0.0351026 1000000.0 0 0 0 
1549 0 0 0.0386817 1000000.0 0 0 0 
1550 0 0 0.0363689 1000000.0 0 0 0 
1551 0 0 0.0332624 1000000.0 0 0 0 
1552 0 0 0.03704 1000000.0 0 0 0 
1553 0 0 0.0308086 1000000.0 0 0 0 
1554 0 0 0.0220312 1000000.0 0 0 0 
1555 0 0 0.00719811 1000000.0 0 0 0 
1556 0 0 0.00161755 1000000.0 0 0 0 
1556.59 2.41087 0 0 1000000.0 0 0 0 
1558 0 0 0 1000000.0 0 0 0 
1559 0 0 0 1000000.0 0 0 0 
1560 0 0 0 1000000.0 0 0 0 
1561 0 0 0 1000000.0 0 0 0 
1562 0 0 0 1000000.0 0 0 0 
1563 0 0 0 1000000.0 0 0 0 
1564 0 0 0 1000000.0 0 0 0 
1565 0 0 0.00142543 1000000.0 0 0 0 
1566 0 0 0.00144265 1000000.0 0 0 0 
1567 0 0 0.00230384 1000000.0 0 0 0 
1568 0 0 0.00757027 1000000.0 0 0 0 
1569 0 0 0.0147739 1000000.0 0 0 0 
1570 0 0 0.0221523 1000000.0 0 0 0 
1571 0 0 0.0288511 1000000.0 0 0 0 
1572 0 0 0.0345557 1000000.0 0 0 0 
1573 0 0 0.0392873 1000000.0 0 0 0 
1574 0 0 0.0412568 1000000.0 0 0 0 
1575 0 0 0.0403957 1000000.0 0 0 0 
1576 0 0 0.0356494 1000000.0 0 0 0 
1577 0 0 0.0317636 1000000.0 0 0 0 
1578 0 0 0.00375609 1000000.0 0 0 0 
1579 0 0 0.00138068 1000000.0 0 0 0 
1580 0 0 0.00050481 1000000.0 0 0 0 
1581 0 0 0 1000000.0 0 0 0 
1582 0 0 0 1000000.0 0 0 0 
1583 0 0 0 1000000.0 0 0 0 
1584 0 0 0 1000000.0 0 0 0 
1585 0 0 0 1000000.0 0 0 0 
1586 0 0 0 1000000.0 0 0 0 
1587 0 0 0 1000000.0 0 0 0 
1588 0 0 0 1000000.0 0 0 0 
1589 0 0 0.00120393 1000000.0 0 0 0 
1590 0 0 0.0012055 1000000.0 0 0 0 
1591 0 0 0.0023581 1000000.0 0 0 0 
1592 0 0 0.00768119 1000000.0 0 0 0 
1593 0 0 0.0147025 1000000.0 0 0 0 
1594 0 0 0.0218576 1000000.0 0 0 0 
1595 0 0 0.0282375 1000000.0 0 0 0 
1596 0 0 0.0340581 1000000.0 0 0 0 
1597 0 0 0.0386233 1000000.0 0 0 0 
1598 0 0 0.0404189 1000000.0 0 0 0 
1599 0 0 0.0389898 1000000.0 0 0 0 
1600 0 0 0.0330109 1000000.0 0 0 0 
1601 0 0 0.0269493 1000000.0 0 0 0 
1602 0 0 0.0196049 1000000.0 0 0 0 
1603 0 0 0.00520812 1000000.0 0 0 0 
1604 0 0 0.000218027 1000000.0 0 0 0 
1605 0 0 0 1000000.0 0 0 0 
1606 0 0 0 1000000.0 0 0 0 
1607 0 0 0 1000000.0 0 0 0 
1608 0 0 0 1000000.0 0 0 0 
1609 0 0 0 1000000.0 0 0 0 
1610 0 0 0 1000000.0 0 0 0 
1611 0 0 0 1000000.0 0 0 0 
1612 0 0 0 1000000.0 0 0 0 
1613 0 0 0.00121376 1000000.0 0 0 0 
1614 0 0 0.00122577 1000000.0 0 0 0 
1615 0 0 0.00185836 1000000.0 0 0 0 
1616 0 0 0.00417203 1000000.0 0 0 0 
1617 0 0 0.00887891 1000000.0 0 0 0 
1618 0 0 0.0108815 1000000.0 0 0 0 
1619 0 0 0.00923253 1000000.0 0 0 0 
1620 0 0 0.010303 1000000.0 0 0 0 
1621 0 0 0.0118983 1000000.0 0 0 0 
1622 0 0 0.0177495 1000000.0 0 0 0 
1623 0 0 0.0150132 1000000.0 0 0 0 
1624 0 0 0.0100384 1000000.0 0 0 0 
1625 0 0 0.00997338 1000000.0 0 0 0 
1626 0 0 0.00459423 1000000.0 0 0 0 
1627 0 0 0 1000000.0 0 0 0 
1628 0 0 0 1000000.0 0 0 0 
1629 0 0 0 1000000.0 0 0 0 
1630 0 0 0 1000000.0 0 0 0 
1631 0 0 0 1000000.0 0 0 0 
1632 0 0 0 1000000.0 0 0 0 
1633 0 0 0 1000000.0 0 0 0 
1634 0 0 0 1000000.0 0 0 0 
1635 0 0 0 1000000.0 0 0 0 
1636 0 0 0 1000000.0 0 0 0 
1637 0 0 0.00120571 1000000.0 0 0 0 
1638 0 0 0.00120734 1000000.0 0 0 0 
1639 0 0 0.00129613 1000000.0 0 0 0 
1640 0 0 0.00229984 1000000.0 0 0 0 
1641 0 0 0.00405908 1000000.0 0 0 0 
1642 0 0 0.0089204 1000000.0 0 0 0 
1643 0 0 0.0139775 1000000.0 0 0 0 
1644 0 0 0.0264734 1000000.0 0 0 0 
1645 0 0 0.0365485 1000000.0 0 0 0 
1646 0 0 0.0370783 1000000.0 0 0 0 
1647 0 0 0.0358999 1000000.0 0 0 0 
1648 0 0 0.0310998 1000000.0 0 0 0 
1649 0 0 0.0263371 1000000.0 0 0 0 
1650 0 0 0.0050386 1000000.0 0 0 0 
1651 0 0 0.00258451 1000000.0 0 0 0 
1652 0 0 0.000538294 1000000.0 0 0 0 
1653 0 0 0 1000000.0 0 0 0 
1654 0 0 0 1000000.0 0 0 0 
1655 0 0 0 1000000.0 0 0 0 
1656 0 0 0 1000000.0 0 0 0 
1657 0 0 0 1000000.0 0 0 0 
1658 0 0 0 1000000.0 0 0 0 
1659 0 0 0 1000000.0 0 0 0 
1660 0 0 0 1000000.0 0 0 0 
1661 0 0 0.00128741 1000000.0 0 0 0 
1662 0 0 0.00135445 1000000.0 0 0 0 
1663 0 0 0.0025211 1000000.0 0 0 0 
1664 0 0 0.0081294 1000000.0 0 0 0 
1665 0 0 0.0155915 1000000.0 0 0 0 
1665.59 2.41087 0 0.023129 1000000.0 0 0 0 
1667 0 0 0.0298207 1000000.0 0 0 0 
1668 0 0 0.0356852 1000000.0 0 0 0 
1669 0 0 0.0402646 1000000.0 0 0 0 
1670 0 0 0.0418017 1000000.0 0 0 0 
1671 0 0 0.0403528 1000000.0 0 0 0 
1672 0 0 0.034628 1000000.0 0 0 0 
1673 0 0 0.0283877 1000000.0 0 0 0 
1674 0 0 0.0219946 1000000.0 0 0 0 
1675 0 0 0.00937602 1000000.0 0 0 0 
1676 0 0 0.00348416 1000000.0 0 0 0 
1677 0 0 0 1000000.0 0 0 0 
1678 0 0 0 1000000.0 0 0 0 
1679 0 0 0 1000000.0 0 0 0 
1680 0 0 0 1000000.0 0 0 0 
1681 0 0 0 1000000.0 0 0 0 
1682 0 0 0 1000000.0 0 0 0 
1683 0 0 0 1000000.0 0 0 0 
1684 0 0 0 1000000.0 0 0 0 
1685 0 0 0.0012446 1000000.0 0 0 0 
1686 0 0 0.00123734 1000000.0 0 0 0 
1687 0 0 0.00188204 1000000.0 0 0 0 
1688 0 0 0.00673171 1000000.0 0 0 0 
1689 0 0 0.014795 1000000.0 0 0 0 
1690 0 0 0.021907 1000000.0 0 0 0 
1691 0 0 0.0285484 1000000.0 0 0 0 
1692 0 0 0.0342859 1000000.0 0 0 0 
1693 0 0 0.0394808 1000000.0 0 0 0 
1694 0 0 0.0422821 1000000.0 0 0 0 
1695 0 0 0.0334788 1000000.0 0 0 0 
1696 0 0 0.0203831 1000000.0 0 0 0 
1697 0 0 0.0129459 1000000.0 0 0 0 
1698 0 0 0.0167673 1000000.0 0 0 0 
1699 0 0 0.00655593 1000000.0 0 0 0 
1700 0 0 0 1000000.0 0 0 0 
1700.59 2.41087 0 0 1000000.0 0 0 0 
1702 0 0 0 1000000.0 0 0 0 
1703 0 0 0 1000000.0 0 0 0 
1704 0 0 0 1000000.0 0 0 0 
1705 0 0 0 1000000.0 0 0 0 
1706 0 0 0 1000000.0 0 0 0 
1707 0 0 0 1000000.0 0 0 0 
1708 0 0 0 1000000.0 0 0 0 
1709 0 0 0.00146281 1000000.0 0 0 0 
1710 0 0 0.00145921 1000000.0 0 0 0 
1711 0 0 0.00210282 1000000.0 0 0 0 
1712 0 0 0.0033893 1000000.0 0 0 0 
1713 0 0 0.00508537 1000000.0 0 0 0 
1714 0 0 0.00576387 1000000.0 0 0 0 
1715 0 0 0.00686014 1000000.0 0 0 0 
1716 0 0 0.00855064 1000000.0 0 0 0 
1717 0 0 0.0113189 1000000.0 0 0 0 
1718 0 0 0.00835042 1000000.0 0 0 0 
1719 0 0 0.00902401 1000000.0 0 0 0 
1720 0 0 0.00636503 1000000.0 0 0 0 
1721 0 0 0.00676587 1000000.0 0 0 0 
1722 0 0 0.00453622 1000000.0 0 0 0 
1723 0 0 0.00119388 1000000.0 0 0 0 
1724 0 0 0 1000000.0 0 0 0 
1725 0 0 0 1000000.0 0 0 0 
1726 0 0 0 1000000.0 0 0 0 
1727 0 0 0 1000000.0 0 0 0 
1728 0 0 0 1000000.0 0 0 0 
1729 0 0 0 1000000.0 0 0 0 
1730 0 0 0 1000000.0 0 0 0 
1731 0 0 0 1000000.0 0 0 0 
1732 0 0 0 1000000.0 0 0 0 
1733 0 0 0.00127812 1000000.0 0 0 0 
1734 0 0 0.00136033 1000000.0 0 0 0 
1735 0 0 0.00213763 1000000.0 0 0 0 
1736 0 0 0.00827867 1000000.0 0 0 0 
1737 0 0 0.0137943 1000000.0 0 0 0 
1738 0 0 0.0201344 1000000.0 0 0 0 
1739 0 0 0.0300226 1000000.0 0 0 0 
1740 0 0 0.035681 1000000.0 0 0 0 
1741 0 0 0.0401734 1000000.0 0 0 0 
1742 0 0 0.0418518 1000000.0 0 0 0 
1743 0 0 0.0394574 1000000.0 0 0 0 
1744 0 0 0.0336837 1000000.0 0 0 0 
1745 0 0 0.023825 1000000.0 0 0 0 
1746 0 0 0.00618267 1000000.0 0 0 0 
1747 0 0 0.00142577 1000000.0 0 0 0 
1748 0 0 0 1000000.0 0 0 0 
1749 0 0 0 1000000.0 0 0 0 
1750 0 0 0 1000000.0 0 0 0 
1751 0 0 0 1000000.0 0 0 0 
1752 0 0 0 1000000.0 0 0 0 
1753 0 0 0 1000000.0 0 0 0 
1754 0 0 0 1000000.0 0 0 0 
1755 0 0 0 1000000.0 0 0 0 
1756 0 0 0 1000000.0 0 0 0 
1757 0 0 0.00157771 1000000.0 0 0 0 
1758 0 0 0.00185651 1000000.0 0 0 0 
1759 0 0 0.00285753 1000000.0 0 0 0 
1760 0 0 0.00835581 1000000.0 0 0 0 
1761 0 0 0.0125163 1000000.0 0 0 0 
1762 0 0 0.0189279 1000000.0 0 0 0 
1763 0 0 0.0170682 1000000.0 0 0 0 
1764 0 0 0.029718 1000000.0 0 0 0 
1765 0 0 0.0215483 1000000.0 0 0 0 
1766 0 0 0.0300771 1000000.0 0 0 0 
1767 0 0 0.036116 1000000.0 0 0 0 
1768 0 0 0.0248016 1000000.0 0 0 0 
1769 0 0 0.0110739 1000000.0 0 0 0 
1770 0 0 0.0046215 1000000.0 0 0 0 
1771 0 0 0 1000000.0 0 0 0 
1772 0 0 0 1000000.0 0 0 0 
1773 0 0 0.00338129 1000000.0 0 0 0 
1774 0 0 0.00462597 1000000.0 0 0 0 
1775 0 0 0.00156707 1000000.0 0 0 0 
1776 0 0 0 1000000.0 0 0 0 
1777 0 0 0 1000000.0 0 0 0 
1778 0 0 0 1000000.0 0 0 0 
1779 0 0 0 1000000.0 0 0 0 
1780 0 0 0 1000000.0 0 0 0 
1781 0 0 0.00122508 1000000.0 0 0 0 
1782 0 0 0.00123106 1000000.0 0 0 0 
1783 0 0 0.00134912 1000000.0 0 0 0 
1784 0 0 0.00218905 1000000.0 0 0 0 
1785 0 0 0.00422538 1000000.0 0 0 0 
1786 0 0 0.00513799 1000000.0 0 0 0 
1787 0 0 0.00834981 1000000.0 0 0 0 
1788 0 0 0.0123209 1000000.0 0 0 0 
1789 0 0 0.0256389 1000000.0 0 0 0 
1790 0 0 0.0270838 1000000.0 0 0 0 
1791 0 0 0.0339892 1000000.0 0 0 0 
1792 0 0 0.0265708 1000000.0 0 0 0 
1793 0 0 0.0114035 1000000.0 0 0 0 
1794 0 0 0.0146146 1000000.0 0 0 0 
1795 0 0 0.000875989 1000000.0 0 0 0 
1796 0 0 0 1000000.0 0 0 0 
1796.59 2.41087 0 0 1000000.0 0 0 0 
1798 0 0 0 1000000.0 0 0 0 
1799 0 0 0 1000000.0 0 0 0 
1800 0 0 0 1000000.0 0 0 0 
1801 0 0 0 1000000.0 0 0 0 
1802 0 0 0 1000000.0 0 0 0 
1803 0 0 0 1000000.0 0 0 0 
1804 0 0 0 1000000.0 0 0 0 
1805 0 0 0.00123489 1000000.0 0 0 0 
1806 0 0 0.00123309 1000000.0 0 0 0 
1807 0 0 0.00145303 1000000.0 0 0 0 
1808 0 0 0.00287207 1000000.0 0 0 0 
1809 0 0 0.00754209 1000000.0 0 0 0 
1810 0 0 0.00918936 1000000.0 0 0 0 
1811 0 0 0.012127 1000000.0 0 0 0 
1812 0 0 0.0202895 1000000.0 0 0 0 
1813 0 0 0.0145438 1000000.0 0 0 0 
1814 0 0 0.0139541 1000000.0 0 0 0 
1815 0 0 0.0170484 1000000.0 0 0 0 
1816 0 0 0.0143869 1000000.0 0 0 0 
1817 0 0 0.00834986 1000000.0 0 0 0 
1818 0 0 0.00888155 1000000.0 0 0 0 
1819 0 0 0.00763866 1000000.0 0 0 0 
1820 0 0 0.00177329 1000000.0 0 0 0 
1821 0 0 0 1000000.0 0 0 0 
1822 0 0 0 1000000.0 0 0 0 
1823 0 0 0 1000000.0 0 0 0 
1824 0 0 0 1000000.0 0 0 0 
1825 0 0 0 1000000.0 0 0 0 
1826 0 0 0 1000000.0 0 0 0 
1827 0 0 0 1000000.0 0 0 0 
1828 0 0 0 1000000.0 0 0 0 
1829 0 0 0.00154957 1000000.0 0 0 0 
1830 0 0 0.00153175 1000000.0 0 0 0 
1831 0 0 0.0025402 1000000.0 0 0 0 
1832 0 0 0.00679398 1000000.0 0 0 0 
1833 0 0 0.013823 1000000.0 0 0 0 
1834 0 0 0.0210569 1000000.0 0 0 0 
1835 0 0 0.0297229 1000000.0 0 0 0 
1836 0 0 0.0359019 1000000.0 0 0 0 
1837 0 0 0.0403986 1000000.0 0 0 0 
1838 0 0 0.042202 1000000.0 0 0 0 
1839 0 0 0.0162459 1000000.0 0 0 0 
1840 0 0 0.0160565 1000000.0 0 0 0 
1841 0 0 0.0128182 1000000.0 0 0 0 
1842 0 0 0.0132666 1000000.0 0 0 0 
1843 0 0 0.00781752 1000000.0 0 0 0 
1844 0 0 0.00149305 1000000.0 0 0 0 
1845 0 0 0 1000000.0 0 0 0 
1846 0 0 0 1000000.0 0 0 0 
1847 0 0 0 1000000.0 0 0 0 
1848 0 0 0 1000000.0 0 0 0 
1849 0 0 0 1000000.0 0 0 0 
1850 0 0 0 1000000.0 0 0 0 
1851 0 0 0 1000000.0 0 0 0 
1852 0 0 0 1000000.0 0 0 0 
1853 0 0 0.00226834 1000000.0 0 0 0 
1854 0 0 0.00273503 1000000.0 0 0 0 
1855 0 0 0.00271055 1000000.0 0 0 0 
1856 0 0 0.00709749 1000000.0 0 0 0 
1857 0 0 0.015738 1000000.0 0 0 0 
1858 0 0 0.0234839 1000000.0 0 0 0 
1859 0 0 0.0309723 1000000.0 0 0 0 
1860 0 0 0.0371378 1000000.0 0 0 0 
1861 0 0 0.0424147 1000000.0 0 0 0 
1862 0 0 0.0436951 1000000.0 0 0 0 
1863 0 0 0.0355981 1000000.0 0 0 0 
1864 0 0 0.0180284 1000000.0 0 0 0 
1865 0 0 0.0174313 1000000.0 0 0 0 
1866 0 0 0.0185404 1000000.0 0 0 0 
1867 0 0 0.00580459 1000000.0 0 0 0 
1867.59 2.41087 0 0.00179369 1000000.0 0 0 0 
1869 0 0 0 1000000.0 0 0 0 
1870 0 0 0 1000000.0 0 0 0 
1871 0 0 0 1000000.0 0 0 0 
1872 0 0 0 1000000.0 0 0 0 
1873 0 0 0 1000000.0 0 0 0 
1874 0 0 0 1000000.0 0 0 0 
1875 0 0 0 1000000.0 0 0 0 
1876 0 0 0 1000000.0 0 0 0 
1877 0 0 0.00345741 1000000.0 0 0 0 
1878 0 0 0.00305243 1000000.0 0 0 0 
1879 0 0 0.00341668 1000000.0 0 0 0 
1880 0 0 0.00776423 1000000.0 0 0 0 
1881 0 0 0.0165291 1000000.0 0 0 0 
1882 0 0 0.0245135 1000000.0 0 0 0 
1883 0 0 0.0320093 1000000.0 0 0 0 
1884 0 0 0.0382634 1000000.0 0 0 0 
1885 0 0 0.0427526 1000000.0 0 0 0 
1886 0 0 0.0452193 1000000.0 0 0 0 
1887 0 0 0.0427551 1000000.0 0 0 0 
1888 0 0 0.0361676 1000000.0 0 0 0 
1889 0 0 0.0289943 1000000.0 0 0 0 
1890 0 0 0.0204911 1000000.0 0 0 0 
1891 0 0 0.00594072 1000000.0 0 0 0 
1892 0 0 9.87e-006 1000000.0 0 0 0 
1893 0 0 0 1000000.0 0 0 0 
1894 0 0 0 1000000.0 0 0 0 
1895 0 0 0 1000000.0 0 0 0 
1896 0 0 0 1000000.0 0 0 0 
1897 0 0 0 1000000.0 0 0 0 
1898 0 0 0 1000000.0 0 0 0 
1899 0 0 0 1000000.0 0 0 0 
1900 0 0 0 1000000.0 0 0 0 
1901 0 0 0.00181236 1000000.0 0 0 0 
1902 0 0 0.00229875 1000000.0 0 0 0 
1903 0 0 0.00302445 1000000.0 0 0 0 
1904 0 0 0.00656984 1000000.0 0 0 0 
1905 0 0 0.0163896 1000000.0 0 0 0 
1906 0 0 0.0248109 1000000.0 0 0 0 
1907 0 0 0.0322039 1000000.0 0 0 0 
1908 0 0 0.0379588 1000000.0 0 0 0 
1909 0 0 0.0437308 1000000.0 0 0 0 
1910 0 0 0.0457436 1000000.0 0 0 0 
1911 0 0 0.0433521 1000000.0 0 0 0 
1912 0 0 0.0364725 1000000.0 0 0 0 
1913 0 0 0.029236 1000000.0 0 0 0 
1914 0 0 0.0209855 1000000.0 0 0 0 
1915 0 0 0.00587434 1000000.0 0 0 0 
1916 0 0 0.000846009 1000000.0 0 0 0 
1917 0 0 0 1000000.0 0 0 0 
1917.59 2.41087 0 0 1000000.0 0 0 0 
1919 0 0 0 1000000.0 0 0 0 
1920 0 0 0 1000000.0 0 0 0 
1921 0 0 0 1000000.0 0 0 0 
1922 0 0 0 1000000.0 0 0 0 
1923 0 0 0 1000000.0 0 0 0 
1924 0 0 0 1000000.0 0 0 0 
1925 0 0 0.00147242 1000000.0 0 0 0 
1926 0 0 0.00152507 1000000.0 0 0 0 
1927 0 0 0.0023876 1000000.0 0 0 0 
1928 0 0 0.00645503 1000000.0 0 0 0 
1929 0 0 0.0157965 1000000.0 0 0 0 
1930 0 0 0.0244686 1000000.0 0 0 0 
1931 0 0 0.0317968 1000000.0 0 0 0 
1932 0 0 0.0384739 1000000.0 0 0 0 
1933 0 0 0.0435384 1000000.0 0 0 0 
1934 0 0 0.0458894 1000000.0 0 0 0 
1935 0 0 0.0428272 1000000.0 0 0 0 
1936 0 0 0.0355132 1000000.0 0 0 0 
1937 0 0 0.028721 1000000.0 0 0 0 
1938 0 0 0.0220814 1000000.0 0 0 0 
1939 0 0 0.0102768 1000000.0 0 0 0 
1940 0 0 0.00481945 1000000.0 0 0 0 
1941 0 0 0.00179381 1000000.0 0 0 0 
1942 0 0 0.00185576 1000000.0 0 0 0 
1943 0 0 0.000722708 1000000.0 0 0 0 
1944 0 0 0 1000000.0 0 0 0 
1945 0 0 0 1000000.0 0 0 0 
1946 0 0 0 1000000.0 0 0 0 
1947 0 0 0 1000000.0 0 0 0 
1948 0 0 0 1000000.0 0 0 0 
1949 0 0 0.00149528 1000000.0 0 0 0 
1950 0 0 0.00163854 1000000.0 0 0 0 
1951 0 0 0.00264506 1000000.0 0 0 0 
1952 0 0 0.00651577 1000000.0 0 0 0 
1953 0 0 0.0157086 1000000.0 0 0 0 
1954 0 0 0.024201 1000000.0 0 0 0 
1954.59 2.41087 0 0.0315157 1000000.0 0 0 0 
1956 0 0 0.0380112 1000000.0 0 0 0 
1957 0 0 0.0430555 1000000.0 0 0 0 
1958 0 0 0.0447877 1000000.0 0 0 0 
1959 0 0 0.0430255 1000000.0 0 0 0 
1960 0 0 0.0374114 1000000.0 0 0 0 
1961 0 0 0.0311397 1000000.0 0 0 0 
1962 0 0 0.0240002 1000000.0 0 0 0 
1963 0 0 0.0115736 1000000.0 0 0 0 
1964 0 0 0.00549244 1000000.0 0 0 0 
1965 0 0 0.00147629 1000000.0 0 0 0 
1966 0 0 0.00195819 1000000.0 0 0 0 
1967 0 0 0.00239646 1000000.0 0 0 0 
1968 0 0 0.000189165 1000000.0 0 0 0 
1969 0 0 0 1000000.0 0 0 0 
1970 0 0 0 1000000.0 0 0 0 
1971 0 0 0 1000000.0 0 0 0 
1972 0 0 0 1000000.0 0 0 0 
1973 0 0 0.00186038 1000000.0 0 0 0 
1974 0 0 0.00154306 1000000.0 0 0 0 
1975 0 0 0.00209019 1000000.0 0 0 0 
1976 0 0 0.00625209 1000000.0 0 0 0 
1977 0 0 0.0154346 1000000.0 0 0 0 
1978 0 0 0.023693 1000000.0 0 0 0 
1979 0 0 0.0310484 1000000.0 0 0 0 
1980 0 0 0.0372749 1000000.0 0 0 0 
1981 0 0 0.0424617 1000000.0 0 0 0 
1982 0 0 0.0448425 1000000.0 0 0 0 
1983 0 0 0.0427921 1000000.0 0 0 0 
1984 0 0 0.0367065 1000000.0 0 0 0 
1985 0 0 0.0298718 1000000.0 0 0 0 
1986 0 0 0.0226408 1000000.0 0 0 0 
1987 0 0 0.00980975 1000000.0 0 0 0 
1988 0 0 0.00206647 1000000.0 0 0 0 
1989 0 0 0.000635841 1000000.0 0 0 0 
1989.59 2.41087 0 0.00240626 1000000.0 0 0 0 
1991 0 0 0.00189622 1000000.0 0 0 0 
1992 0 0 0.0024214 1000000.0 0 0 0 
1993 0 0 0.00163096 1000000.0 0 0 0 
1994 0 0 0 1000000.0 0 0 0 
1995 0 0 0 1000000.0 0 0 0 
1996 0 0 0 1000000.0 0 0 0 
1997 0 0 0.00134344 1000000.0 0 0 0 
1998 0 0 0.0014954 1000000.0 0 0 0 
1999 0 0 0.00201759 1000000.0 0 0 0 
2000 0 0 0.00555686 1000000.0 0 0 0 
2001 0 0 0.0145291 1000000.0 0 0 0 
2002 0 0 0.0224072 1000000.0 0 0 0 
2003 0 0 0.0297908 1000000.0 0 0 0 
2004 0 0 0.0363947 1000000.0 0 0 0 
2005 0 0 0.0416611 1000000.0 0 0 0 
2006 0 0 0.0437718 1000000.0 0 0 0 
2007 0 0 0.0433232 1000000.0 0 0 0 
2008 0 0 0.0334646 1000000.0 0 0 0 
2009 0 0 0.0157613 1000000.0 0 0 0 
2010 0 0 0.0102996 1000000.0 0 0 0 
2011 0 0 0.00274193 1000000.0 0 0 0 
2012 0 0 0.00240478 1000000.0 0 0 0 
2013 0 0 0.000335699 1000000.0 0 0 0 
2014 0 0 0 1000000.0 0 0 0 
2015 0 0 0 1000000.0 0 0 0 
2016 0 0 0 1000000.0 0 0 0 
2017 0 0 0 1000000.0 0 0 0 
2018 0 0 0 1000000.0 0 0 0 
2019 0 0 0 1000000.0 0 0 0 
2020 0 0 0 1000000.0 0 0 0 
2021 0 0 0.0013337 1000000.0 0 0 0 
2022 0 0 0.00134335 1000000.0 0 0 0 
2023 0 0 0.00197812 1000000.0 0 0 0 
2024 0 0 0.00536937 1000000.0 0 0 0 
2025 0 0 0.014655 1000000.0 0 0 0 
2026 0 0 0.0228122 1000000.0 0 0 0 
2027 0 0 0.0305778 1000000.0 0 0 0 
2028 0 0 0.0373389 1000000.0 0 0 0 
2029 0 0 0.0424575 1000000.0 0 0 0 
2030 0 0 0.0453661 1000000.0 0 0 0 
2031 0 0 0.0194248 1000000.0 0 0 0 
2032 0 0 0.0316023 1000000.0 0 0 0 
2033 0 0 0.021187 1000000.0 0 0 0 
2034 0 0 0.00675312 1000000.0 0 0 0 
2035 0 0 0.00271746 1000000.0 0 0 0 
2036 0 0 0 1000000.0 0 0 0 
2037 0 0 0 1000000.0 0 0 0 
2038 0 0 0 1000000.0 0 0 0 
2039 0 0 0 1000000.0 0 0 0 
2040 0 0 0 1000000.0 0 0 0 
2041 0 0 0 1000000.0 0 0 0 
2042 0 0 0 1000000.0 0 0 0 
2043 0 0 0 1000000.0 0 0 0 
2044 0 0 0 1000000.0 0 0 0 
2045 0 0 0.001385 1000000.0 0 0 0 
2046 0 0 0.00179159 1000000.0 0 0 0 
2047 0 0 0.00194476 1000000.0 0 0 0 
2048 0 0 0.00615803 1000000.0 0 0 0 
2048.59 2.41087 0 0.0157204 1000000.0 0 0 0 
2050 0 0 0.0255152 1000000.0 0 0 0 
2051 0 0 0.0316983 1000000.0 0 0 0 
2052 0 0 0.0381661 1000000.0 0 0 0 
2053 0 0 0.0428615 1000000.0 0 0 0 
2054 0 0 0.0443125 1000000.0 0 0 0 
2055 0 0 0.0417483 1000000.0 0 0 0 
2056 0 0 0.0387386 1000000.0 0 0 0 
2057 0 0 0.0306 1000000.0 0 0 0 
2058 0 0 0.0205578 1000000.0 0 0 0 
2059 0 0 0.00573248 1000000.0 0 0 0 
2060 0 0 0 1000000.0 0 0 0 
2061 0 0 0 1000000.0 0 0 0 
2062 0 0 0 1000000.0 0 0 0 
2063 0 0 0 1000000.0 0 0 0 
2064 0 0 0 1000000.0 0 0 0 
2065 0 0 0 1000000.0 0 0 0 
2066 0 0 0 1000000.0 0 0 0 
2067 0 0 0 1000000.0 0 0 0 
2068 0 0 0 1000000.0 0 0 0 
2069 0 0 0.00184865 1000000.0 0 0 0 
2070 0 0 0.00148379 1000000.0 0 0 0 
2071 0 0 0.00212153 1000000.0 0 0 0 
2072 0 0 0.00555121 1000000.0 0 0 0 
2073 0 0 0.015181 1000000.0 0 0 0 
2074 0 0 0.0238962 1000000.0 0 0 0 
2075 0 0 0.0318978 1000000.0 0 0 0 
2076 0 0 0.0377745 1000000.0 0 0 0 
2077 0 0 0.0426676 1000000.0 0 0 0 
2078 0 0 0.0458796 1000000.0 0 0 0 
2079 0 0 0.0461758 1000000.0 0 0 0 
2080 0 0 0.0377719 1000000.0 0 0 0 
2081 0 0 0.0222824 1000000.0 0 0 0 
2082 0 0 0.0203174 1000000.0 0 0 0 
2083 0 0 0.006417 1000000.0 0 0 0 
2084 0 0 0.000435832 1000000.0 0 0 0 
2085 0 0 0 1000000.0 0 0 0 
2085.59 2.41087 0 0 1000000.0 0 0 0 
2087 0 0 0 1000000.0 0 0 0 
2088 0 0 0 1000000.0 0 0 0 
2089 0 0 0 1000000.0 0 0 0 
2090 0 0 0 1000000.0 0 0 0 
2091 0 0 0 1000000.0 0 0 0 
2092 0 0 0 1000000.0 0 0 0 
2093 0 0 0.00247456 1000000.0 0 0 0 
2094 0 0 0.00212461 1000000.0 0 0 0 
2095 0 0 0.0019865 1000000.0 0 0 0 
2096 0 0 0.0051552 1000000.0 0 0 0 
2097 0 0 0.0152084 1000000.0 0 0 0 
2098 0 0 0.0238245 1000000.0 0 0 0 
2099 0 0 0.0318017 1000000.0 0 0 0 
2100 0 0 0.0383076 1000000.0 0 0 0 
2101 0 0 0.0433457 1000000.0 0 0 0 
2102 0 0 0.0444955 1000000.0 0 0 0 
2103 0 0 0.0423078 1000000.0 0 0 0 
2104 0 0 0.036863 1000000.0 0 0 0 
2105 0 0 0.0300307 1000000.0 0 0 0 
2106 0 0 0.0223594 1000000.0 0 0 0 
2107 0 0 0.00844537 1000000.0 0 0 0 
2108 0 0 3.44e-005 1000000.0 0 0 0 
2109 0 0 0 1000000.0 0 0 0 
2109.59 2.41087 0 0 1000000.0 0 0 0 
2111 0 0 0 1000000.0 0 0 0 
2112 0 0 0 1000000.0 0 0 0 
2113 0 0 0 1000000.0 0 0 0 
2114 0 0 0 1000000.0 0 0 0 
2115 0 0 0 1000000.0 0 0 0 
2116 0 0 0 1000000.0 0 0 0 
2117 0 0 0.00164975 1000000.0 0 0 0 
2118 0 0 0.00154165 1000000.0 0 0 0 
2119 0 0 0.00183539 1000000.0 0 0 0 
2120 0 0 0.0048689 1000000.0 0 0 0 
2121 0 0 0.0150979 1000000.0 0 0 0 
2122 0 0 0.0229058 1000000.0 0 0 0 
2123 0 0 0.0325096 1000000.0 0 0 0 
2124 0 0 0.0385909 1000000.0 0 0 0 
2125 0 0 0.0446184 1000000.0 0 0 0 
2126 0 0 0.0467221 1000000.0 0 0 0 
2127 0 0 0.0436104 1000000.0 0 0 0 
2128 0 0 0.0373414 1000000.0 0 0 0 
2129 0 0 0.0307172 1000000.0 0 0 0 
2130 0 0 0.0232161 1000000.0 0 0 0 
2131 0 0 0.0105166 1000000.0 0 0 0 
2132 0 0 0.00513459 1000000.0 0 0 0 
2133 0 0 0.00198918 1000000.0 0 0 0 
2134 0 0 0.00332063 1000000.0 0 0 0 
2135 0 0 0.00273907 1000000.0 0 0 0 
2136 0 0 0 1000000.0 0 0 0 
2137 0 0 0 1000000.0 0 0 0 
2138 0 0 0 1000000.0 0 0 0 
2139 0 0 0 1000000.0 0 0 0 
2140 0 0 0 1000000.0 0 0 0 
2141 0 0 0.00138995 1000000.0 0 0 0 
2142 0 0 0.0013964 1000000.0 0 0 0 
2143 0 0 0.00221609 1000000.0 0 0 0 
2144 0 0 0.00548937 1000000.0 0 0 0 
2145 0 0 0.0146399 1000000.0 0 0 0 
2146 0 0 0.0235195 1000000.0 0 0 0 
2147 0 0 0.0310515 1000000.0 0 0 0 
2148 0 0 0.0378188 1000000.0 0 0 0 
2149 0 0 0.0436199 1000000.0 0 0 0 
2150 0 0 0.0457755 1000000.0 0 0 0 
2151 0 0 0.0428785 1000000.0 0 0 0 
2152 0 0 0.0352015 1000000.0 0 0 0 
2153 0 0 0.0225362 1000000.0 0 0 0 
2154 0 0 0.0207214 1000000.0 0 0 0 
2155 0 0 0.00643481 1000000.0 0 0 0 
2156 0 0 0.00352803 1000000.0 0 0 0 
2157 0 0 0 1000000.0 0 0 0 
2158 0 0 0 1000000.0 0 0 0 
2158.59 2.41087 0 0 1000000.0 0 0 0 
2160 0 0 0 1000000.0 0 0 0 
2161 0 0 0 1000000.0 0 0 0 
2162 0 0 0 1000000.0 0 0 0 
2163 0 0 0 1000000.0 0 0 0 
2164 0 0 0 1000000.0 0 0 0 
2165 0 0 0.00217461 1000000.0 0 0 0 
2166 0 0 0.0017831 1000000.0 0 0 0 
2167 0 0 0.00182575 1000000.0 0 0 0 
2168 0 0 0.00515231 1000000.0 0 0 0 
2169 0 0 0.0138877 1000000.0 0 0 0 
2170 0 0 0.0234094 1000000.0 0 0 0 
2171 0 0 0.032598 1000000.0 0 0 0 
2172 0 0 0.0378989 1000000.0 0 0 0 
2173 0 0 0.0423379 1000000.0 0 0 0 
2174 0 0 0.043035 1000000.0 0 0 0 
2175 0 0 0.0415943 1000000.0 0 0 0 
2176 0 0 0.0371525 1000000.0 0 0 0 
2177 0 0 0.0298553 1000000.0 0 0 0 
2178 0 0 0.0205955 1000000.0 0 0 0 
2179 0 0 0.00841046 1000000.0 0 0 0 
2180 0 0 0.00305248 1000000.0 0 0 0 
2181 0 0 0.00179382 1000000.0 0 0 0 
2182 0 0 0.00255162 1000000.0 0 0 0 
2183 0 0 0.00335623 1000000.0 0 0 0 
2184 0 0 0.00308507 1000000.0 0 0 0 
2185 0 0 0.00223904 1000000.0 0 0 0 
2186 0 0 0.00174658 1000000.0 0 0 0 
2187 0 0 0.00044284 1000000.0 0 0 0 
2188 0 0 0 1000000.0 0 0 0 
2189 0 0 0.00486174 1000000.0 0 0 0 
2190 0 0 0.00378463 1000000.0 0 0 0 
2191 0 0 0.00309776 1000000.0 0 0 0 
2192 0 0 0.00266865 1000000.0 0 0 0 
2193 0 0 0.00411274 1000000.0 0 0 0 
2194 0 0 0.00496438 1000000.0 0 0 0 
2195 0 0 0.00820087 1000000.0 0 0 0 
2196 0 0 0.0118886 1000000.0 0 0 0 
2197 0 0 0.023316 1000000.0 0 0 0 
2198 0 0 0.0323581 1000000.0 0 0 0 
2199 0 0 0.0180614 1000000.0 0 0 0 
2200 0 0 0.0143989 1000000.0 0 0 0 
2201 0 0 0.0156126 1000000.0 0 0 0 
2202 0 0 0.00851028 1000000.0 0 0 0 
2203 0 0 0.00175848 1000000.0 0 0 0 
2204 0 0 0 1000000.0 0 0 0 
2205 0 0 0 1000000.0 0 0 0 
2206 0 0 0 1000000.0 0 0 0 
2207 0 0 0 1000000.0 0 0 0 
2208 0 0 0 1000000.0 0 0 0 
2209 0 0 0 1000000.0 0 0 0 
2210 0 0 0 1000000.0 0 0 0 
2211 0 0 0 1000000.0 0 0 0 
2212 0 0 0 1000000.0 0 0 0 
2213 0 0 0.00140042 1000000.0 0 0 0 
2214 0 0 0.00142793 1000000.0 0 0 0 
2215 0 0 0.00163637 1000000.0 0 0 0 
2216 0 0 0.00443264 1000000.0 0 0 0 
2217 0 0 0.013307 1000000.0 0 0 0 
2217.59 2.41087 0 0.0203344 1000000.0 0 0 0 
2219 0 0 0.0284559 1000000.0 0 0 0 
2220 0 0 0.0341038 1000000.0 0 0 0 
2221 0 0 0.0396239 1000000.0 0 0 0 
2222 0 0 0.0358761 1000000.0 0 0 0 
2223 0 0 0.0382919 1000000.0 0 0 0 
2224 0 0 0.0324507 1000000.0 0 0 0 
2225 0 0 0.0254708 1000000.0 0 0 0 
2226 0 0 0.0116056 1000000.0 0 0 0 
2227 0 0 0.0043822 1000000.0 0 0 0 
2228 0 0 0.00136971 1000000.0 0 0 0 
2229 0 0 0 1000000.0 0 0 0 
2230 0 0 0 1000000.0 0 0 0 
2231 0 0 0 1000000.0 0 0 0 
2232 0 0 0 1000000.0 0 0 0 
2233 0 0 0 1000000.0 0 0 0 
2234 0 0 0 1000000.0 0 0 0 
2235 0 0 0 1000000.0 0 0 0 
2236 0 0 0 1000000.0 0 0 0 
2237 0 0 0.00139746 1000000.0 0 0 0 
2238 0 0 0.00140672 1000000.0 0 0 0 
2239 0 0 0.00162545 1000000.0 0 0 0 
2240 0 0 0.00256186 1000000.0 0 0 0 
2241 0 0 0.0036462 1000000.0 0 0 0 
2242 0 0 0.00717216 1000000.0 0 0 0 
2243 0 0 0.0207703 1000000.0 0 0 0 
2244 0 0 0.0283609 1000000.0 0 0 0 
2245 0 0 0.0238678 1000000.0 0 0 0 
2246 0 0 0.0194817 1000000.0 0 0 0 
2247 0 0 0.00908505 1000000.0 0 0 0 
2248 0 0 0.013397 1000000.0 0 0 0 
2249 0 0 0.0140048 1000000.0 0 0 0 
2250 0 0 0.00694464 1000000.0 0 0 0 
2251 0 0 0.000887771 1000000.0 0 0 0 
2252 0 0 0 1000000.0 0 0 0 
2253 0 0 0 1000000.0 0 0 0 
2254 0 0 0 1000000.0 0 0 0 
2255 0 0 0 1000000.0 0 0 0 
2256 0 0 0 1000000.0 0 0 0 
end*** END OF INPUT 1000000.0 'ATMOSPH.IN' ********************************** 
