*********************************** COUVREUR MODEL *******************************************
	hxMin		Krs		Kcomp
-9577.51668 1.99728e-05 1.34711e-05 
*********************************** SUGAR MODEL **********************************************
*** Sugar Transport Parameters ***************************************************************
	Cp		vm		Km 		delta		fstar		ps			
0.149074894 2.5280573 0.299477347 909.165911 0.861984049 0.0007799094 
*** Fruit Physical Parameters ****************************************************************
	Hf		phi_max		k 		tau		Y		a		Lp		Lx		gamma		eta		Ws		
0.996 0.0553237304 0.0090501971 9.198e-07 0.987912284 0.0115166181 0.249295938 0.0505875627 4.38565602 0.328055874 0 
*** Respiration Parameters *******************************************************************
	ro		qg 		qm			Q10
638.526863 0.280283325 0.0001052458 1.40635078 
*** Conversion Parameters ******************************************************************** 
	kst 	kst50 	beta_st 	kdeg_st		ksyn_so
0.0477234587 1652.89115 1.7424695 0.0667966765 0.0005541322 
*** Initial Conditions ***********************************************************************
	t0_fruit	w0		s0 		ss0		st0
	1044	   251.8	 17.34		2.36	7.6
*** Atmospheric Conditions********************************************************************
	nRecords
	2256
	t	Tair	RH
	1	16.3725	0.4655
	2	15.90825	0.49225
	3	16.63575	0.44475
	4	16.421	0.4165
	5	15.34175	0.44275
	6	12.4705	0.541
	7	12.1335	0.58
	8	16.01575	0.42825
	9	18.301	0.3655
	10	19.4365	0.32275
	11	20.61475	0.29975
	12	21.4075	0.28
	13	22.196	0.26925
	14	22.663	0.26125
	15	23.19075	0.26325
	16	23.54475	0.2605
	17	22.04975	0.26675
	18	15.96675	0.369
	19	13.29175	0.4495
	20	11.24775	0.5
	21	8.566	0.66475
	22	7.5565	0.706
	23	7.9575	0.61525
	24	8.40025	0.5515
	25	7.6505	0.62225
	26	7.24225	0.63175
	27	7.12275	0.64
	28	7.19175	0.60875
	29	6.508	0.675
	30	5.67175	0.727
	31	4.86925	0.82025
	32	5.73075	0.80525
	33	7.5485	0.737
	34	9.58075	0.5695
	35	10.418	0.45925
	36	10.85825	0.412
	37	11.552	0.35175
	38	12.91325	0.31025
	39	14.2525	0.28
	40	15.867	0.275
	41	16.96875	0.267
	42	17.74825	0.253
	43	17.05225	0.2695
	44	16.111	0.32125
	45	14.11575	0.40225
	46	12.267	0.4785
	47	11.339	0.54125
	48	10.1755	0.587
	49	9.0705	0.653
	50	8.7545	0.70925
	51	8.23675	0.721
	52	8.3195	0.64775
	53	7.8	0.5845
	54	7.46275	0.60475
	55	7.80525	0.6035
	56	9.2495	0.6135
	57	11.094	0.454
	58	12.96125	0.37325
	59	14.547	0.33975
	60	15.89625	0.3235
	61	16.46275	0.2955
	62	16.79	0.28575
	63	17.09375	0.23475
	64	16.594	0.24175
	65	16.7845	0.208
	66	16.61775	0.2085
	67	15.58075	0.2475
	68	15.0495	0.2745
	69	13.7555	0.387
	70	13.44925	0.3715
	71	13.32275	0.35525
	72	13.56975	0.3305
	73	13.4495	0.30725
	74	12.018	0.37875
	75	10.69925	0.45675
	76	10.65675	0.4395
	77	10.44875	0.42375
	78	10.70525	0.396
	79	9.43475	0.36175
	80	9.8655	0.2885
	81	11.56925	0.23775
	82	13.3405	0.2465
	83	13.79775	0.2135
	84	14.846	0.202
	85	16.26625	0.1855
	86	17.0465	0.17775
	87	17.189	0.1575
	88	17.05225	0.15525
	89	17.12375	0.1445
	90	16.302	0.13475
	91	15.52675	0.12475
	92	13.89325	0.11925
	93	11.26375	0.13375
	94	7.9355	0.2
	95	5.56975	0.291
	96	5.647	0.2965
	97	5.23475	0.38125
	98	3.45825	0.487
	99	1.995	0.52325
	100	1.76675	0.542
	101	1.64075	0.513
	102	0.54125	0.55775
	103	1.23675	0.5765
	104	6.592	0.43875
	105	11.87975	0.287
	106	14.6185	0.2295
	107	17.39675	0.159
	108	20.2755	0.0985
	109	21.97525	0.0795
	110	23.85825	0.076
	111	24.73175	0.06325
	112	25.38025	0.06075
	113	26.12775	0.063
	114	25.09675	0.0735
	115	24.557	0.08275
	116	22.975	0.1135
	117	19.5565	0.1685
	118	16.8255	0.24225
	119	14.55875	0.31975
	120	14.7625	0.34925
	121	13.8755	0.38325
	122	13.15425	0.41825
	123	12.43025	0.4515
	124	10.05575	0.53125
	125	10.86425	0.521
	126	10.70925	0.5235
	127	9.47075	0.57025
	128	12.65775	0.498
	129	18.4675	0.36125
	130	22.38175	0.22125
	131	23.7915	0.15775
	132	25.217	0.1315
	133	26.31075	0.1055
	134	26.3535	0.0835
	135	27.08125	0.0835
	136	27.68975	0.077
	137	27.94275	0.08075
	138	27.4995	0.0845
	139	26.471	0.0835
	140	23.552	0.1125
	141	19.39575	0.1795
	142	17.56925	0.24025
	143	17.48025	0.291
	144	16.564	0.3245
	145	15.20425	0.3975
	146	15.11475	0.42275
	147	14.51725	0.41575
	148	12.7865	0.45025
	149	12.42475	0.45475
	150	11.8435	0.471
	151	12.225	0.45725
	152	14.3665	0.4165
	153	17.224	0.40025
	154	20.091	0.276
	155	21.08575	0.23575
	156	23.348	0.17225
	157	24.97575	0.13075
	158	26.29875	0.1185
	159	27.30975	0.121
	160	25.38	0.155
	161	26.08625	0.17175
	162	23.5805	0.24225
	163	23.38825	0.25325
	164	23.31775	0.2585
	165	18.96725	0.34325
	166	16.89075	0.434
	167	15.974	0.43475
	168	14.34225	0.45075
	169	13.79175	0.516
	170	13.6055	0.52975
	171	12.2	0.56475
	172	12.09775	0.5935
	173	11.928	0.5875
	174	11.0395	0.597
	175	11.77025	0.60575
	176	14.9985	0.5505
	177	19.26425	0.45575
	178	22.49325	0.369
	179	25.59325	0.27525
	180	26.8675	0.2315
	181	28.6305	0.17375
	182	28.23925	0.1455
	183	28.6995	0.14275
	184	29.346	0.12925
	185	28.607	0.11475
	186	26.9845	0.1315
	187	25.4285	0.1605
	188	24.05025	0.19425
	189	22.42325	0.22325
	190	21.712	0.2535
	191	20.84175	0.293
	192	19.5735	0.33875
	193	19.4245	0.351
	194	20.69225	0.3085
	195	20.04325	0.33525
	196	18.9905	0.36575
	197	16.99125	0.40675
	198	14.324	0.489
	199	13.47225	0.5265
	200	16.867	0.491
	201	21.225	0.404
	202	25.32675	0.27975
	203	27.0765	0.23975
	204	28.382	0.20375
	205	29.68425	0.188
	206	30.74875	0.16275
	207	28.879	0.19975
	208	27.6225	0.22875
	209	26.1465	0.2545
	210	24.448	0.276
	211	22.54975	0.29875
	212	20.12675	0.32675
	213	18.2475	0.31825
	214	17.10575	0.2805
	215	15.7175	0.29125
	216	14.547	0.31725
	217	13.1545	0.352
	218	12.40025	0.368
	219	11.126	0.4025
	220	11.467	0.42525
	221	11.96475	0.44925
	222	11.88025	0.479
	223	11.096	0.55025
	224	11.40025	0.50025
	225	11.46125	0.4725
	226	11.21175	0.5035
	227	11.60675	0.50775
	228	12.2	0.4945
	229	14.15125	0.44475
	230	14.41475	0.44325
	231	14.04775	0.46375
	232	12.079	0.5485
	233	10.01825	0.66825
	234	8.81675	0.8095
	235	8.506	0.8645
	236	8.1575	0.8835
	237	8.16375	0.8905
	238	8.2325	0.8955
	239	8.344	0.9005
	240	8.2885	0.90125
	241	8.36275	0.90575
	242	8.5185	0.9085
	243	8.5495	0.90375
	244	8.4625	0.893
	245	8.43775	0.878
	246	8.3505	0.8635
	247	8.475	0.8655
	248	8.86	0.86775
	249	9.24975	0.8545
	250	9.5705	0.8155
	251	9.41675	0.785
	252	9.45375	0.803
	253	9.3605	0.80375
	254	8.67375	0.8265
	255	8.13225	0.854
	256	9.268	0.8615
	257	9.90925	0.8315
	258	9.6875	0.819
	259	9.53975	0.8455
	260	8.61575	0.8585
	261	7.726	0.907
	262	7.57525	0.91925
	263	7.53775	0.924
	264	7.569	0.92475
	265	7.36175	0.923
	266	7.19775	0.92075
	267	6.32375	0.91725
	268	5.75075	0.9195
	269	6.12775	0.9245
	270	6.78175	0.92725
	271	7.034	0.9285
	272	7.217	0.927
	273	7.5065	0.92125
	274	7.97	0.9145
	275	8.649	0.8945
	276	9.18175	0.86525
	277	9.49025	0.85075
	278	8.98875	0.86725
	279	7.9575	0.90525
	280	7.50025	0.9185
	281	7.173	0.9255
	282	6.813	0.934
	283	6.86375	0.94075
	284	6.77525	0.94075
	285	6.28025	0.93475
	286	6.14675	0.9315
	287	5.88525	0.9285
	288	5.2045	0.927
	289	4.395	0.931
	290	3.45875	0.93825
	291	3.1685	0.94575
	292	2.46275	0.95275
	293	2.0065	0.959
	294	1.9865	0.962
	295	3.19625	0.961
	296	6.47325	0.939
	297	10.21025	0.834
	298	13.02725	0.67275
	299	14.63025	0.5765
	300	15.7	0.514
	301	15.9265	0.48375
	302	17.28425	0.4385
	303	17.87275	0.3905
	304	18.1285	0.36175
	305	18.4735	0.34025
	306	18.8955	0.34
	307	17.5875	0.364
	308	16.963	0.38225
	309	15.59875	0.41325
	310	14.313	0.471
	311	12.835	0.53575
	312	10.946	0.6025
	313	9.5335	0.73175
	314	8.53075	0.793
	315	8.65525	0.805
	316	7.60675	0.79625
	317	7.88225	0.8
	318	7.03425	0.7995
	319	7.66225	0.81125
	320	10.4345	0.784
	321	14.792	0.6635
	322	15.40725	0.54825
	323	17.0105	0.478
	324	17.439	0.45125
	325	18.55075	0.4025
	326	18.97275	0.39075
	327	18.41375	0.40575
	328	17.50425	0.41725
	329	16.3915	0.40625
	330	15.84325	0.3745
	331	15.282	0.393
	332	13.87	0.47625
	333	13.1905	0.50075
	334	12.521	0.527
	335	11.53975	0.617
	336	10.528	0.70175
	337	9.373	0.77325
	338	8.99625	0.72925
	339	8.60575	0.784
	340	8.83525	0.7665
	341	8.99625	0.75025
	342	8.87225	0.73775
	343	8.773	0.734
	344	9.50225	0.724
	345	11.0225	0.6215
	346	11.98275	0.57225
	347	13.13025	0.5155
	348	15.276	0.42725
	349	16.695	0.36925
	350	17.825	0.3275
	351	19.169	0.277
	352	19.67425	0.26125
	353	19.17475	0.268
	354	19.18675	0.26575
	355	18.515	0.2785
	356	16.99875	0.35175
	357	15.28175	0.40575
	358	13.2925	0.48475
	359	11.503	0.55625
	360	10.60175	0.61725
	361	10.20375	0.62375
	362	9.93375	0.619
	363	9.2995	0.6295
	364	8.3935	0.64575
	365	7.93825	0.66475
	366	7.31	0.6655
	367	7.5875	0.6885
	368	12.3745	0.4785
	369	15.568	0.38975
	370	18.527	0.31225
	371	20.2575	0.227
	372	21.19275	0.21425
	373	21.742	0.21
	374	21.969	0.21325
	375	22.5675	0.2185
	376	22.7945	0.2255
	377	23.49075	0.223
	378	22.6565	0.2485
	379	21.658	0.2715
	380	20.3885	0.3
	381	18.50325	0.34975
	382	17.13525	0.3875
	383	14.499	0.47825
	384	13.50925	0.527
	385	13.1905	0.54925
	386	12.95575	0.55825
	387	11.7525	0.61175
	388	11.33925	0.6435
	389	11.321	0.62825
	390	9.9565	0.66175
	391	9.638	0.7085
	392	12.04325	0.71625
	393	16.08075	0.52175
	394	17.629	0.45825
	395	19.2165	0.41825
	396	20.6565	0.372
	397	21.5865	0.3585
	398	22.9865	0.29775
	399	24.0685	0.251
	400	24.6955	0.23975
	401	25.0105	0.22425
	402	24.24975	0.239
	403	23.6535	0.25575
	404	22.36425	0.29275
	405	18.67575	0.39825
	406	17.09375	0.4845
	407	17.18925	0.45825
	408	16.01575	0.49475
	409	14.2415	0.56225
	410	14.43325	0.60375
	411	13.48525	0.6315
	412	13.29275	0.644
	413	13.521	0.65175
	414	12.146	0.7175
	415	12.48225	0.73875
	416	15.824	0.645
	417	19.98425	0.48975
	418	21.43725	0.38475
	419	22.3695	0.30575
	420	22.65075	0.3035
	421	24.6355	0.24375
	422	25.20425	0.2
	423	25.95125	0.1745
	424	26.65875	0.1635
	425	27.211	0.15175
	426	27.0705	0.15125
	427	26.09775	0.157
	428	25.02525	0.19425
	429	20.79475	0.278
	430	18.521	0.30875
	431	16.8025	0.34225
	432	16.052	0.3475
	433	14.427	0.3905
	434	13.81325	0.42825
	435	12.49075	0.4755
	436	12.54575	0.48425
	437	13.23075	0.473
	438	14.0015	0.421
	439	13.63475	0.447
	440	16.8195	0.43475
	441	21.356	0.356
	442	25.78225	0.27
	443	26.843	0.256
	444	27.96125	0.179
	445	29.091	0.12025
	446	30.39525	0.09925
	447	31.192	0.09125
	448	31.65175	0.0935
	449	30.49525	0.11925
	450	29.2335	0.142
	451	28.978	0.1775
	452	27.5115	0.20925
	453	24.94375	0.2525
	454	23.0765	0.312
	455	21.8855	0.35
	456	20.96625	0.345
	457	21.46725	0.30575
	458	20.657	0.3335
	459	18.842	0.37975
	460	17.8905	0.406
	461	17.92075	0.405
	462	16.24775	0.4585
	463	15.07275	0.53525
	464	19.157	0.43075
	465	21.42	0.34325
	466	23.222	0.31075
	467	25.28875	0.25
	468	26.33575	0.23725
	469	27.888	0.197
	470	29.427	0.189
	471	29.6475	0.184
	472	29.69025	0.1845
	473	29.29625	0.185
	474	27.95525	0.2195
	475	27.505	0.20875
	476	26.88525	0.19925
	477	25.9755	0.19225
	478	23.205	0.25975
	479	23.635	0.27025
	480	22.46	0.312
	481	20.6685	0.38125
	482	20.442	0.38775
	483	19.90025	0.41125
	484	19.5495	0.42175
	485	18.711	0.4695
	486	18.39	0.4755
	487	18.53875	0.4655
	488	18.8895	0.487
	489	19.7755	0.48275
	490	20.69225	0.46325
	491	20.81125	0.462
	492	21.808	0.41775
	493	23.7555	0.361
	494	25.9635	0.29475
	495	26.1105	0.25325
	496	26.83025	0.25775
	497	27.0395	0.25325
	498	26.4345	0.2585
	499	24.52625	0.30325
	500	23.779	0.31125
	501	22.489	0.33775
	502	21.74175	0.3505
	503	20.78175	0.35575
	504	19.811	0.371
	505	18.69325	0.419
	506	19.1095	0.44125
	507	18.812	0.4815
	508	18.33675	0.493
	509	17.8075	0.4875
	510	17.45075	0.523
	511	16.808	0.55725
	512	17.62925	0.56225
	513	18.699	0.508
	514	19.15675	0.45575
	515	20.1205	0.429
	516	20.04325	0.44425
	517	19.8825	0.49725
	518	20.884	0.473
	519	22.89025	0.399
	520	23.136	0.3755
	521	22.45325	0.35325
	522	22.08825	0.3645
	523	21.30625	0.415
	524	20.9545	0.46875
	525	20.1325	0.51675
	526	19.0085	0.54125
	527	18.46725	0.56375
	528	17.956	0.59225
	529	16.80775	0.632
	530	15.6045	0.6765
	531	15.21075	0.65925
	532	14.924	0.61475
	533	14.433	0.701
	534	14.72075	0.69225
	535	15.07925	0.60625
	536	14.84025	0.64325
	537	16.32575	0.63625
	538	18.497	0.51125
	539	21.20525	0.421
	540	22.97425	0.355
	541	23.70125	0.3205
	542	24.9495	0.292
	543	25.3615	0.28375
	544	24.056	0.2965
	545	21.35575	0.37425
	546	19.157	0.509
	547	17.61125	0.587
	548	18.295	0.53975
	549	17.20675	0.58075
	550	17.7125	0.54775
	551	17.46875	0.4705
	552	15.258	0.548
	553	15.693	0.53275
	554	17.2785	0.4275
	555	15.84875	0.4625
	556	17.1145	0.4265
	557	15.7355	0.46175
	558	15.097	0.50025
	559	15.40175	0.51325
	560	17.04	0.498
	561	20.18675	0.40325
	562	22.801	0.34225
	563	24.48475	0.28825
	564	25.19875	0.23
	565	26.45725	0.22025
	566	26.708	0.20225
	567	26.70225	0.19075
	568	27.87525	0.18
	569	27.69625	0.1855
	570	27.937	0.1715
	571	27.01425	0.18025
	572	25.39225	0.202
	573	23.56975	0.24175
	574	21.2885	0.33275
	575	20.95425	0.34625
	576	20.74575	0.34525
	577	19.93625	0.3685
	578	18.58625	0.42425
	579	17.8315	0.43725
	580	18.2	0.39575
	581	17.18325	0.41925
	582	16.27225	0.44025
	583	16.701	0.445
	584	19.45475	0.41725
	585	22.0475	0.39025
	586	24.5825	0.30325
	587	26.42675	0.23475
	588	26.74675	0.21275
	589	27.34225	0.20175
	590	25.95975	0.2195
	591	28.23975	0.199
	592	27.9695	0.187
	593	27.5505	0.196
	594	26.158	0.2
	595	26.35975	0.20325
	596	25.82975	0.19375
	597	24.68425	0.20575
	598	20.75975	0.2795
	599	19.32975	0.33625
	600	18.00975	0.375
	601	14.618	0.49775
	602	14.7545	0.531
	603	14.19375	0.5475
	604	13.84	0.5365
	605	12.6465	0.584
	606	11.33925	0.66125
	607	12.079	0.65175
	608	15.94275	0.553
	609	20.94375	0.45525
	610	24.13075	0.369
	611	26.122	0.26225
	612	27.4875	0.2355
	613	28.0295	0.222
	614	28.6985	0.21225
	615	29.4335	0.20075
	616	29.40225	0.189
	617	29.1025	0.185
	618	29.02175	0.18975
	619	28.47	0.195
	620	26.185	0.2235
	621	23.75075	0.26675
	622	22.27975	0.2865
	623	19.9005	0.368
	624	18.5385	0.44575
	625	18.64575	0.43375
	626	18.00975	0.461
	627	17.90275	0.479
	628	19.20475	0.43225
	629	19.86475	0.4035
	630	20.27575	0.39875
	631	20.287	0.417
	632	20.29875	0.45475
	633	21.98775	0.39825
	634	24.4305	0.352
	635	24.4725	0.3525
	636	24.94975	0.35075
	637	25.477	0.332
	638	25.164	0.35575
	639	23.99	0.38125
	640	17.8565	0.60825
	641	18.71125	0.57775
	642	18.961	0.6025
	643	20.57575	0.56525
	644	17.86625	0.64175
	645	14.75025	0.7845
	646	14.78625	0.8175
	647	14.65475	0.8265
	648	14.36725	0.81725
	649	13.43625	0.8045
	650	12.94375	0.8155
	651	12.085	0.821
	652	11.90375	0.8305
	653	11.4245	0.82175
	654	11.114	0.84375
	655	11.30025	0.84125
	656	15.274	0.7775
	657	18.68725	0.65975
	658	20.38875	0.59825
	659	21.58675	0.552
	660	22.3995	0.53125
	661	23.172	0.50775
	662	24.074	0.49475
	663	24.58775	0.46725
	664	25.39175	0.44275
	665	25.6655	0.43625
	666	24.7755	0.4405
	667	23.3765	0.459
	668	22.33975	0.46975
	669	20.258	0.60775
	670	17.16525	0.66075
	671	16.6415	0.67275
	672	16.1355	0.72525
	673	16.2725	0.711
	674	16.14725	0.69575
	675	15.89725	0.708
	676	14.89375	0.72675
	677	14.73225	0.742
	678	14.43925	0.748
	679	14.53975	0.75725
	680	18.21775	0.66825
	681	20.52	0.567
	682	22.831	0.47675
	683	24.06825	0.4385
	684	24.974	0.4005
	685	25.769	0.358
	686	26.873	0.3255
	687	27.46225	0.31075
	688	27.8565	0.30525
	689	27.69675	0.3045
	690	27.64175	0.31725
	691	25.54375	0.33875
	692	24.842	0.34725
	693	22.66275	0.375
	694	21.38375	0.43425
	695	19.96575	0.48675
	696	20.40675	0.46775
	697	19.532	0.483
	698	18.19975	0.56175
	699	18.28325	0.5145
	700	17.58175	0.54525
	701	17.32	0.55425
	702	17.201	0.56025
	703	15.9565	0.62075
	704	17.15275	0.6325
	705	21.5035	0.52825
	706	24.62625	0.44125
	707	26.05475	0.3405
	708	26.506	0.30725
	709	27.38525	0.2615
	710	28.601	0.24025
	711	29.578	0.22225
	712	29.135	0.224
	713	28.98475	0.2285
	714	27.64725	0.236
	715	27.29675	0.2545
	716	26.80975	0.251
	717	24.57575	0.31475
	718	22.38875	0.38975
	719	20.71025	0.424
	720	18.4315	0.48525
	721	16.00425	0.57375
	722	15.98025	0.574
	723	16.11725	0.55925
	724	14.28325	0.6135
	725	15.13875	0.60325
	726	13.66475	0.6465
	727	15.32975	0.60425
	728	18.51475	0.525
	729	22.33775	0.487
	730	26.1105	0.37625
	731	28.2465	0.29875
	732	29.247	0.2645
	733	30.14225	0.21725
	734	29.30475	0.20875
	735	24.68975	0.29375
	736	25.85925	0.307
	737	24.82925	0.35775
	738	23.03425	0.39575
	739	22.6745	0.39475
	740	22.573	0.33325
	741	21.223	0.33125
	742	20.04925	0.36375
	743	18.56275	0.4515
	744	19.0975	0.3955
	745	18.42575	0.4115
	746	17.433	0.44525
	747	16.6595	0.5005
	748	16.469	0.5315
	749	16.445	0.513
	750	15.336	0.5735
	751	15.02525	0.62325
	752	17.18275	0.605
	753	19.794	0.544
	754	23.353	0.424
	755	24.835	0.38
	756	25.7505	0.35075
	757	25.92325	0.3265
	758	25.56525	0.3315
	759	25.436	0.333
	760	22.1845	0.39825
	761	23.70475	0.3725
	762	25.623	0.34
	763	25.33775	0.33625
	764	24.159	0.39625
	765	20.95475	0.47375
	766	20.1445	0.43025
	767	17.8905	0.49975
	768	15.9265	0.57375
	769	15.45525	0.58325
	770	15.0375	0.6095
	771	14.63075	0.6165
	772	14.41525	0.6225
	773	12.88025	0.64025
	774	10.9985	0.72975
	775	12.798	0.6925
	776	17.1575	0.5995
	777	21.034	0.486
	778	25.7105	0.3655
	779	26.9285	0.305
	780	26.40375	0.3065
	781	27.26025	0.30225
	782	27.34675	0.29975
	783	28.1505	0.28725
	784	28.37375	0.284
	785	27.186	0.312
	786	27.68975	0.29675
	787	27.9305	0.28125
	788	26.771	0.30725
	789	22.8565	0.3985
	790	20.34675	0.444
	791	18.84775	0.50725
	792	18.069	0.54225
	793	17.8075	0.535
	794	18.218	0.458
	795	18.48525	0.42775
	796	19.6865	0.37425
	797	19.51975	0.358
	798	19.48425	0.34925
	799	17.33125	0.4145
	800	20.64525	0.3835
	801	23.564	0.36525
	802	25.9515	0.2865
	803	26.683	0.25725
	804	28.03575	0.262
	805	29.44675	0.21425
	806	29.5155	0.193
	807	29.80975	0.20725
	808	28.66825	0.21075
	809	27.638	0.2265
	810	25.8795	0.2665
	811	24.672	0.33225
	812	24.21975	0.30375
	813	22.639	0.30325
	814	21.4195	0.327
	815	21.44925	0.33275
	816	20.5255	0.362
	817	20.29925	0.3835
	818	20.41225	0.376
	819	19.79925	0.3875
	820	19.60875	0.37675
	821	18.69325	0.38225
	822	17.59325	0.411
	823	15.99225	0.47025
	824	15.2825	0.53225
	825	15.5265	0.5615
	826	17.53975	0.5145
	827	18.925	0.4755
	828	19.82925	0.4425
	829	21.13325	0.3965
	830	22.1905	0.36725
	831	23.13075	0.3185
	832	24.159	0.28325
	833	24.00175	0.26925
	834	23.954	0.2515
	835	23.20975	0.24575
	836	22.017	0.24475
	837	19.4605	0.2645
	838	16.38425	0.336
	839	14.9415	0.42725
	840	15.67	0.451
	841	14.451	0.48625
	842	13.281	0.52075
	843	12.001	0.58975
	844	10.9005	0.64875
	845	9.669	0.68375
	846	8.56725	0.706
	847	9.416	0.686
	848	13.24225	0.6315
	849	16.07475	0.5065
	850	18.53275	0.464
	851	20.728	0.392
	852	21.354	0.35975
	853	21.8735	0.338
	854	22.885	0.315
	855	23.59275	0.2975
	856	24.46	0.26975
	857	24.78075	0.26
	858	24.9985	0.262
	859	24.24925	0.25575
	860	22.933	0.2675
	861	19.4435	0.36625
	862	16.03925	0.49275
	863	14.565	0.5605
	864	13.7555	0.5495
	865	12.1215	0.5755
	866	10.74775	0.64225
	867	10.363	0.667
	868	10.58725	0.64475
	869	9.124	0.69775
	870	8.59725	0.6955
	871	9.93325	0.65125
	872	14.6155	0.55425
	873	19.56175	0.424
	874	22.71925	0.36575
	875	24.8895	0.29425
	876	26.23725	0.3055
	877	27.47525	0.256
	878	29.10975	0.206
	879	30.338	0.1815
	880	31.46675	0.17425
	881	32.19525	0.1585
	882	32.035	0.13975
	883	31.93925	0.15475
	884	29.611	0.20475
	885	23.92075	0.35575
	886	20.0985	0.441
	887	19.31175	0.49375
	888	17.516	0.46075
	889	17.03425	0.426
	890	16.13525	0.43775
	891	15.6225	0.454
	892	15.19875	0.47875
	893	13.5195	0.536
	894	14.76075	0.4895
	895	14.3245	0.545
	896	17.908	0.50675
	897	22.85525	0.41025
	898	24.54	0.29075
	899	26.4025	0.2355
	900	27.70325	0.25675
	901	29.3465	0.22875
	902	29.75975	0.224
	903	29.6465	0.19775
	904	30.521	0.17875
	905	29.3595	0.19375
	906	28.93575	0.208
	907	27.73375	0.25675
	908	25.5625	0.311
	909	21.74825	0.426
	910	20.9435	0.46675
	911	19.63325	0.48275
	912	16.98575	0.504
	913	15.68825	0.52125
	914	15.342	0.516
	915	16.43925	0.47025
	916	15.55075	0.5175
	917	15.14475	0.52325
	918	14.00775	0.61125
	919	15.45475	0.55875
	920	17.67675	0.554
	921	19.9665	0.5025
	922	21.68225	0.43625
	923	22.89075	0.40175
	924	24.9745	0.40725
	925	25.9085	0.3695
	926	26.71375	0.357
	927	25.94525	0.35475
	928	25.3375	0.39475
	929	25.28425	0.40375
	930	25.85375	0.37775
	931	25.726	0.35075
	932	24.17675	0.43875
	933	23.04175	0.477
	934	21.4195	0.56675
	935	20.06125	0.615
	936	19.86475	0.654
	937	19.8945	0.64875
	938	18.1345	0.67625
	939	17.80775	0.68425
	940	16.89125	0.73175
	941	16.61175	0.738
	942	16.5405	0.744
	943	16.3375	0.75775
	944	19.70475	0.71025
	945	24.042	0.60775
	946	26.9835	0.475
	947	28.289	0.43925
	948	29.31125	0.3875
	949	30.338	0.36525
	950	31.03925	0.34275
	951	31.54175	0.279
	952	32.67775	0.26675
	953	32.2725	0.24675
	954	31.58225	0.26625
	955	29.73375	0.30025
	956	28.773	0.3125
	957	26.77575	0.35775
	958	25.96925	0.37575
	959	27.015	0.32275
	960	24.71825	0.38575
	961	22.98025	0.45475
	962	21.73625	0.51925
	963	20.75175	0.5705
	964	18.4435	0.706
	965	16.9685	0.79875
	966	16.088	0.8685
	967	15.75375	0.89925
	968	15.4435	0.92525
	969	16.17675	0.936
	970	18.1165	0.919
	971	21.016	0.80375
	972	24.3675	0.61075
	973	25.1925	0.54075
	974	26.201	0.5065
	975	26.971	0.48575
	976	26.537	0.47575
	977	24.6525	0.49175
	978	23.76725	0.572
	979	22.81225	0.6385
	980	22.02325	0.5735
	981	20.52525	0.58825
	982	20.51975	0.59425
	983	19.93	0.60775
	984	17.4625	0.705
	985	16.80225	0.77925
	986	16.159	0.8405
	987	15.2525	0.8675
	988	15.115	0.86375
	989	15.21675	0.86675
	990	15.15675	0.85375
	991	15.43775	0.8055
	992	17.41475	0.74925
	993	20.6805	0.66425
	994	22.065	0.615
	995	24.15375	0.53175
	996	25.42925	0.444
	997	26.274	0.41325
	998	27.3455	0.37325
	999	28.20275	0.3475
	1000	28.568	0.35075
	1001	28.74825	0.33375
	1002	27.928	0.31875
	1003	26.51275	0.35825
	1004	24.07075	0.42175
	1005	21.874	0.473
	1006	19.734	0.557
	1007	17.6825	0.644
	1008	17.4745	0.6475
	1009	16.26625	0.70525
	1010	15.52675	0.73825
	1011	16.20075	0.73625
	1012	14.67175	0.746
	1013	13.76775	0.80275
	1014	13.55125	0.824
	1015	14.373	0.812
	1016	18.158	0.774
	1017	19.704	0.6975
	1018	22.839	0.5995
	1019	24.5395	0.496
	1020	25.44675	0.4405
	1021	25.73225	0.428
	1022	26.372	0.40425
	1023	26.15825	0.407
	1024	27.21125	0.3725
	1025	26.9285	0.363
	1026	25.6355	0.403
	1027	24.442	0.4065
	1028	22.84325	0.48225
	1029	21.43125	0.58925
	1030	20.98425	0.5875
	1031	19.62075	0.64125
	1032	19.1925	0.66925
	1033	18.30675	0.64625
	1034	18.271	0.6655
	1035	17.48625	0.6835
	1036	16.20675	0.77825
	1037	15.64075	0.8535
	1038	15.51525	0.872
	1039	15.68825	0.88875
	1040	17.39125	0.88025
	1041	18.31275	0.7855
	1042	18.8655	0.78875
	1043	20.59725	0.73025
	1044	24.0585	0.61375
	1045	25.81125	0.455
	1046	26.10375	0.418
	1047	27.25375	0.38375
	1048	27.73275	0.38125
	1049	27.64675	0.36875
	1050	27.536	0.3315
	1051	27.08775	0.3485
	1052	24.7385	0.39175
	1053	23.15475	0.40175
	1054	21.90275	0.445
	1055	20.44825	0.49525
	1056	19.12725	0.55675
	1057	18.806	0.6015
	1058	18.5445	0.62325
	1059	18.283	0.65275
	1060	17.879	0.67725
	1061	16.7665	0.73625
	1062	16.195	0.76875
	1063	16.03975	0.76075
	1064	17.474	0.589
	1065	19.84075	0.4865
	1066	20.71625	0.481
	1067	21.11575	0.4985
	1068	23.31775	0.46475
	1069	25.70925	0.4215
	1070	25.99575	0.41875
	1071	27.61675	0.40625
	1072	29.12825	0.33775
	1073	25.90225	0.3745
	1074	24.593	0.399
	1075	24.17675	0.43425
	1076	23.1545	0.495
	1077	21.61075	0.511
	1078	20.734	0.4785
	1079	20.466	0.45225
	1080	19.84075	0.444
	1081	19.28175	0.45875
	1082	18.4735	0.46775
	1083	17.09375	0.5195
	1084	15.90275	0.55275
	1085	15.1925	0.5945
	1086	15.19825	0.676
	1087	16.62975	0.642
	1088	18.039	0.6035
	1089	19.657	0.5905
	1090	21.55675	0.49475
	1091	22.72875	0.40125
	1092	23.9605	0.3995
	1093	24.77475	0.3895
	1094	25.20425	0.39775
	1095	25.37425	0.4015
	1096	25.083	0.42
	1097	24.424	0.4175
	1098	23.85775	0.44275
	1099	21.5165	0.55175
	1100	18.53275	0.69925
	1101	16.29025	0.816
	1102	16.15925	0.81325
	1103	16.34975	0.81225
	1104	16.68925	0.78725
	1105	17.052	0.73575
	1106	16.6	0.75475
	1107	16.6535	0.79275
	1108	16.84375	0.75525
	1109	17.6055	0.631
	1110	17.0105	0.64775
	1111	17.92075	0.56725
	1112	18.33075	0.542
	1113	19.7885	0.55875
	1114	22.595	0.55125
	1115	26.311	0.46475
	1116	27.50525	0.355
	1117	28.16	0.29625
	1118	28.80375	0.28525
	1119	29.272	0.28575
	1120	28.657	0.2875
	1121	24.84075	0.38825
	1122	20.32375	0.59825
	1123	20.87125	0.5145
	1124	19.496	0.596
	1125	19.18075	0.649
	1126	19.10925	0.64025
	1127	19.28175	0.63175
	1128	18.15225	0.681
	1129	17.1115	0.7055
	1130	16.3915	0.713
	1131	16.23675	0.7145
	1132	15.86725	0.706
	1133	15.91475	0.69225
	1134	14.84575	0.7035
	1135	14.79175	0.70775
	1136	18.12825	0.64725
	1137	21.82625	0.51925
	1138	23.7975	0.38875
	1139	24.71375	0.35275
	1140	26.2255	0.32625
	1141	26.5365	0.307
	1142	27.05075	0.291
	1143	27.77	0.28025
	1144	28.46275	0.26275
	1145	29.52775	0.2395
	1146	28.866	0.24975
	1147	28.34525	0.25475
	1148	26.36725	0.267
	1149	22.54675	0.2765
	1150	18.69325	0.4305
	1151	17.49125	0.51925
	1152	16.13525	0.62275
	1153	16.05775	0.56325
	1154	14.18725	0.64425
	1155	14.90025	0.645
	1156	13.24475	0.67425
	1157	13.443	0.69475
	1158	13.052	0.69625
	1159	13.2265	0.70175
	1160	16.52075	0.64325
	1161	21.81725	0.53225
	1162	25.681	0.444
	1163	27.71025	0.29075
	1164	28.80375	0.26075
	1165	29.278	0.236
	1166	30.36275	0.18275
	1167	29.89075	0.1935
	1168	31.0645	0.205
	1169	31.07175	0.203
	1170	30.9765	0.2185
	1171	29.922	0.21475
	1172	27.946	0.23775
	1173	23.4215	0.336
	1174	20.5565	0.467
	1175	19.246	0.51275
	1176	17.1415	0.55175
	1177	15.54875	0.59875
	1178	13.9775	0.6795
	1179	13.557	0.7155
	1180	14.9525	0.659
	1181	14.10775	0.64125
	1182	13.6775	0.68875
	1183	14.05425	0.70175
	1184	17.85475	0.6215
	1185	21.70725	0.5195
	1186	25.6015	0.4035
	1187	26.867	0.3435
	1188	28.50825	0.3095
	1189	29.60275	0.3065
	1190	30.54	0.29525
	1191	29.0475	0.32875
	1192	28.37575	0.34875
	1193	29.49775	0.337
	1194	29.65225	0.31475
	1195	28.7415	0.354
	1196	28.769	0.3785
	1197	23.84325	0.5205
	1198	20.33525	0.62975
	1199	19.66275	0.575
	1200	19.3355	0.4965
	1201	17.27225	0.601
	1202	17.504	0.57725
	1203	17.867	0.54475
	1204	17.71225	0.54475
	1205	17.46875	0.54675
	1206	15.878	0.6105
	1207	16.87325	0.5975
	1208	17.742	0.497
	1209	19.24025	0.50825
	1210	21.94	0.48425
	1211	24.33425	0.426
	1212	26.16475	0.40025
	1213	28.267	0.361
	1214	30.36925	0.2865
	1215	31.8695	0.26875
	1216	31.61225	0.27925
	1217	31.88775	0.249
	1218	31.4335	0.223
	1219	29.992	0.25925
	1220	26.7725	0.32225
	1221	25.45875	0.29675
	1222	23.58675	0.311
	1223	23.232	0.344
	1224	22.53725	0.36375
	1225	21.95675	0.3835
	1226	21.1155	0.40475
	1227	19.383	0.48775
	1228	18.723	0.53025
	1229	17.8965	0.561
	1230	16.993	0.583
	1231	16.6355	0.6065
	1232	18.717	0.635
	1233	21.2715	0.52075
	1234	23.102	0.45625
	1235	25.98325	0.40375
	1236	27.78525	0.37525
	1237	29.078	0.344
	1238	28.0625	0.30625
	1239	29.98525	0.257
	1240	30.2425	0.2355
	1241	30.52	0.22475
	1242	30.3305	0.2405
	1243	29.49	0.237
	1244	27.772	0.27775
	1245	24.3915	0.35
	1246	20.93675	0.47725
	1247	17.97375	0.57925
	1248	16.3615	0.66375
	1249	17.2725	0.59875
	1250	16.588	0.5775
	1251	16.6715	0.54675
	1252	16.028	0.55075
	1253	15.07325	0.6065
	1254	14.68475	0.6215
	1255	14.55875	0.639
	1256	17.24775	0.6265
	1257	22.7235	0.52825
	1258	27.151	0.40725
	1259	27.82525	0.32325
	1260	28.798	0.318
	1261	30.46375	0.26525
	1262	31.79875	0.208
	1263	33.374	0.20075
	1264	33.01775	0.215
	1265	30.8305	0.24425
	1266	29.43375	0.291
	1267	28.6425	0.3255
	1268	27.55475	0.3485
	1269	25.2505	0.39675
	1270	21.4155	0.529
	1271	19.4545	0.657
	1272	18.26525	0.674
	1273	18.98475	0.5655
	1274	17.766	0.55425
	1275	17.74225	0.55825
	1276	16.08725	0.60675
	1277	15.73425	0.612
	1278	14.39725	0.6685
	1279	17.02775	0.593
	1280	20.38275	0.4965
	1281	23.44	0.49375
	1282	26.96075	0.419
	1283	28.52475	0.36475
	1284	30.29425	0.30375
	1285	31.7465	0.269
	1286	32.8475	0.249
	1287	34.35575	0.23975
	1288	35.12325	0.2175
	1289	35.415	0.21675
	1290	35.27575	0.223
	1291	34.56675	0.22875
	1292	31.306	0.297
	1293	27.3355	0.39225
	1294	25.054	0.45375
	1295	22.856	0.50225
	1296	22.0165	0.46625
	1297	21.6525	0.4315
	1298	21.473	0.45975
	1299	19.526	0.58025
	1300	17.1355	0.66125
	1301	17.83125	0.72
	1302	17.558	0.7475
	1303	17.84925	0.76425
	1304	19.80525	0.7225
	1305	21.8915	0.67025
	1306	24.6065	0.59125
	1307	26.4765	0.53675
	1308	27.83825	0.49375
	1309	29.15275	0.46775
	1310	30.87475	0.399
	1311	32.71925	0.3445
	1312	33.74575	0.3275
	1313	33.359	0.351
	1314	32.8265	0.36875
	1315	31.868	0.38025
	1316	30.056	0.42775
	1317	26.743	0.53125
	1318	26.93	0.45875
	1319	25.38825	0.394
	1320	21.92125	0.5335
	1321	21.4375	0.59375
	1322	20.937	0.58625
	1323	19.15675	0.667
	1324	19.74575	0.64725
	1325	18.729	0.66325
	1326	16.7905	0.7365
	1327	16.70075	0.79975
	1328	21.00475	0.733
	1329	26.04575	0.53025
	1330	27.493	0.48975
	1331	29.1985	0.45325
	1332	31.136	0.415
	1333	31.15475	0.446
	1334	33.0885	0.42425
	1335	34.62	0.30775
	1336	34.6595	0.30625
	1337	33.75	0.30175
	1338	33.274	0.2925
	1339	32.556	0.28975
	1340	31.24375	0.291
	1341	29.66525	0.328
	1342	28.0925	0.362
	1343	25.21725	0.42975
	1344	24.15875	0.469
	1345	23.9355	0.4815
	1346	23.3105	0.477
	1347	23.034	0.49
	1348	22.39325	0.517
	1349	22.29175	0.53075
	1350	20.978	0.5725
	1351	20.0135	0.62225
	1352	22.687	0.58425
	1353	24.44225	0.57025
	1354	25.79425	0.547
	1355	27.5485	0.512
	1356	28.7935	0.50325
	1357	29.4025	0.49
	1358	30.199	0.468
	1359	30.055	0.43575
	1360	31.18325	0.4375
	1361	32.1305	0.41925
	1362	31.83575	0.39875
	1363	30.6415	0.4065
	1364	29.11575	0.453
	1365	27.56125	0.49975
	1366	25.61725	0.548
	1367	24.01475	0.619
	1368	23.85825	0.6175
	1369	23.7555	0.641
	1370	22.75875	0.66
	1371	20.57325	0.73275
	1372	20.1505	0.7795
	1373	20.94275	0.759
	1374	21.951	0.6495
	1375	21.80175	0.65825
	1376	22.496	0.677
	1377	25.0895	0.645
	1378	26.69575	0.5955
	1379	27.524	0.5585
	1380	28.36925	0.53875
	1381	29.58525	0.51175
	1382	30.14325	0.51575
	1383	28.916	0.51375
	1384	29.89275	0.4755
	1385	28.7355	0.5085
	1386	28.6795	0.5165
	1387	29.0475	0.515
	1388	27.531	0.54225
	1389	25.946	0.57775
	1390	24.15325	0.6195
	1391	23.9055	0.645
	1392	23.4125	0.627
	1393	22.322	0.664
	1394	21.30625	0.722
	1395	20.31125	0.77
	1396	20.6505	0.80125
	1397	19.9185	0.80725
	1398	19.76375	0.8375
	1399	20.07325	0.8415
	1400	23.27125	0.7605
	1401	27.321	0.62675
	1402	27.85075	0.58675
	1403	29.2715	0.55575
	1404	30.34975	0.52375
	1405	31.29325	0.4725
	1406	32.285	0.43025
	1407	32.78275	0.406
	1408	32.03075	0.4245
	1409	32.1375	0.4245
	1410	32.8795	0.40775
	1411	30.3055	0.46925
	1412	29.609	0.4625
	1413	28.51925	0.48025
	1414	26.87925	0.53875
	1415	25.6955	0.57175
	1416	23.75525	0.625
	1417	22.7165	0.64125
	1418	21.9925	0.66
	1419	21.3005	0.6725
	1420	20.92475	0.686
	1421	20.40625	0.72
	1422	20.67425	0.729
	1423	20.6205	0.741
	1424	20.81125	0.74375
	1425	20.6145	0.74475
	1426	21.127	0.74125
	1427	22.30375	0.71725
	1428	23.052	0.69025
	1429	23.19025	0.67575
	1430	23.76125	0.66225
	1431	24.237	0.6275
	1432	23.8335	0.6455
	1433	23.304	0.669
	1434	23.16	0.67425
	1435	22.92625	0.67875
	1436	22.22	0.69375
	1437	21.527	0.72425
	1438	20.36475	0.77675
	1439	20.03125	0.7625
	1440	19.49	0.76325
	1441	19.4365	0.772
	1442	19.0915	0.7965
	1443	18.9605	0.83325
	1444	19.00825	0.8375
	1445	19.044	0.828
	1446	18.4735	0.8295
	1447	17.754	0.8705
	1448	17.76	0.886
	1449	17.207	0.90025
	1450	17.183	0.91275
	1451	17.653	0.91775
	1452	18.62775	0.91675
	1453	19.57325	0.89775
	1454	19.728	0.87125
	1455	19.00275	0.869
	1456	18.4675	0.8965
	1457	18.3365	0.9145
	1458	18.43775	0.9195
	1459	18.3425	0.92325
	1460	18.07475	0.93175
	1461	17.68275	0.93975
	1462	17.653	0.9455
	1463	17.70075	0.94875
	1464	17.78975	0.94825
	1465	17.94425	0.93475
	1466	17.65875	0.92775
	1467	17.71225	0.92575
	1468	17.54	0.9165
	1469	17.4925	0.9125
	1470	16.89125	0.89625
	1471	16.06975	0.924
	1472	16.45125	0.9345
	1473	16.3145	0.936
	1474	16.5585	0.936
	1475	17.10575	0.9225
	1476	18.03325	0.88525
	1477	18.41375	0.833
	1478	18.6575	0.8235
	1479	18.9725	0.808
	1480	19.58525	0.77075
	1481	19.50175	0.759
	1482	19.08575	0.80125
	1483	18.949	0.83525
	1484	18.84175	0.85
	1485	18.25925	0.86975
	1486	17.97375	0.87975
	1487	17.27825	0.8715
	1488	16.975	0.8875
	1489	16.2185	0.8965
	1490	15.4255	0.8945
	1491	14.7685	0.89325
	1492	14.70275	0.8835
	1493	14.445	0.886
	1494	14.09775	0.88575
	1495	14.63625	0.873
	1496	17.688	0.80775
	1497	21.3195	0.724
	1498	25.5615	0.6225
	1499	27.88175	0.48975
	1500	28.47525	0.444
	1501	28.4005	0.409
	1502	28.4625	0.405
	1503	29.197	0.4185
	1504	30.0195	0.38
	1505	29.0595	0.40825
	1506	28.53775	0.44075
	1507	27.5865	0.4605
	1508	25.91525	0.53975
	1509	23.689	0.652
	1510	23.29375	0.60775
	1511	20.5095	0.67925
	1512	19.43075	0.78175
	1513	19.038	0.80025
	1514	18.42	0.832
	1515	17.62925	0.8375
	1516	16.564	0.85575
	1517	15.72975	0.88125
	1518	15.12725	0.91175
	1519	14.94775	0.93325
	1520	15.24025	0.94125
	1521	15.706	0.94675
	1522	16.51025	0.93925
	1523	19.282	0.8455
	1524	21.43775	0.70325
	1525	24.30525	0.57925
	1526	25.41	0.52
	1527	24.94975	0.507
	1528	24.72125	0.4995
	1529	25.10125	0.48475
	1530	24.38175	0.52125
	1531	24.141	0.5285
	1532	23.6175	0.57225
	1533	21.24175	0.649
	1534	19.0025	0.74325
	1535	17.1355	0.789
	1536	16.80225	0.79925
	1537	16.969	0.7875
	1538	17.13575	0.757
	1539	17.02825	0.76
	1540	17.21875	0.73275
	1541	16.093	0.75375
	1542	18.79425	0.62475
	1543	19.59125	0.526
	1544	19.28775	0.5705
	1545	20.877	0.59325
	1546	24.741	0.51175
	1547	26.531	0.47
	1548	27.499	0.397
	1549	27.95	0.368
	1550	28.2765	0.3355
	1551	28.62475	0.30825
	1552	29.634	0.27625
	1553	29.8655	0.24575
	1554	29.81575	0.25475
	1555	29.1965	0.26225
	1556	26.741	0.371
	1557	21.5855	0.562
	1558	19.5555	0.64825
	1559	18.2415	0.63425
	1560	17.12975	0.66875
	1561	15.83675	0.688
	1562	14.6425	0.76525
	1563	15.22225	0.76375
	1564	16.02775	0.703
	1565	15.676	0.69375
	1566	14.57075	0.73075
	1567	14.01925	0.78
	1568	17.83675	0.742
	1569	20.931	0.62275
	1570	23.64175	0.51725
	1571	25.89825	0.45475
	1572	27.259	0.38875
	1573	27.8315	0.3825
	1574	28.52425	0.3695
	1575	28.9095	0.34225
	1576	29.60875	0.32025
	1577	29.81575	0.31825
	1578	26.13375	0.35525
	1579	20.72475	0.59775
	1580	19.62125	0.712
	1581	20.02525	0.67175
	1582	18.64	0.71625
	1583	16.79025	0.80075
	1584	16.731	0.84
	1585	15.7595	0.83775
	1586	15.6575	0.84025
	1587	14.65425	0.86875
	1588	15.84925	0.88025
	1589	15.103	0.89175
	1590	13.81	0.90275
	1591	13.69525	0.9055
	1592	16.95675	0.87225
	1593	19.9665	0.76825
	1594	22.50125	0.66225
	1595	24.24925	0.59
	1596	24.99825	0.54975
	1597	25.86575	0.495
	1598	26.65925	0.4655
	1599	27.70925	0.39525
	1600	28.599	0.36575
	1601	29.36525	0.327
	1602	29.6035	0.33
	1603	29.11625	0.34225
	1604	26.15725	0.45475
	1605	20.54525	0.6575
	1606	17.98575	0.759
	1607	16.48075	0.801
	1608	16.415	0.78775
	1609	15.9685	0.74775
	1610	15.485	0.7745
	1611	14.81625	0.8325
	1612	14.21775	0.86475
	1613	14.24775	0.888
	1614	14.73225	0.88975
	1615	15.83125	0.84125
	1616	16.90325	0.7425
	1617	18.741	0.66175
	1618	19.89425	0.589
	1619	19.82325	0.582
	1620	20.2695	0.57925
	1621	21.12125	0.54925
	1622	23.0955	0.531
	1623	23.767	0.514
	1624	23.59275	0.515
	1625	24.026	0.50225
	1626	23.8995	0.5085
	1627	22.76525	0.555
	1628	21.56875	0.62775
	1629	20.59075	0.683
	1630	19.69225	0.707
	1631	19.11525	0.68775
	1632	18.11075	0.74875
	1633	17.55175	0.797
	1634	16.9335	0.83375
	1635	15.89075	0.87
	1636	15.38975	0.8925
	1637	15.49725	0.91025
	1638	15.46725	0.9245
	1639	15.348	0.9345
	1640	15.557	0.9405
	1641	16.177	0.942
	1642	17.23675	0.93825
	1643	19.63875	0.8935
	1644	21.731	0.803
	1645	23.31025	0.70325
	1646	24.207	0.667
	1647	25.2465	0.615
	1648	26.019	0.5745
	1649	26.4025	0.55625
	1650	24.908	0.56175
	1651	23.8155	0.57
	1652	23.10775	0.59875
	1653	19.99025	0.6835
	1654	17.51	0.78675
	1655	16.6475	0.8415
	1656	16.153	0.86275
	1657	15.873	0.879
	1658	15.5745	0.88425
	1659	15.0435	0.88425
	1660	14.89375	0.87625
	1661	13.89275	0.872
	1662	14.188	0.87175
	1663	14.4325	0.85275
	1664	17.623	0.808
	1665	22.63	0.696
	1666	25.53275	0.599
	1667	26.39625	0.53975
	1668	27.48825	0.4985
	1669	28.07875	0.45775
	1670	29.115	0.391
	1671	29.3775	0.3815
	1672	29.8665	0.38175
	1673	29.8715	0.347
	1674	29.41475	0.33375
	1675	28.705	0.341
	1676	26.34425	0.3925
	1677	22.80175	0.44525
	1678	21.1035	0.49575
	1679	21.515	0.538
	1680	20.478	0.57275
	1681	17.6285	0.6505
	1682	15.7835	0.75275
	1683	14.642	0.793
	1684	13.50925	0.84675
	1685	12.9735	0.86225
	1686	12.213	0.88275
	1687	13.44275	0.89025
	1688	16.604	0.83775
	1689	20.50175	0.703
	1690	22.29825	0.61525
	1691	24.316	0.5725
	1692	25.59225	0.54425
	1693	26.99	0.51425
	1694	28.601	0.44
	1695	29.254	0.412
	1696	29.743	0.42575
	1697	28.493	0.442
	1698	29.1525	0.4245
	1699	29.128	0.39825
	1700	26.12075	0.47575
	1701	22.96425	0.55725
	1702	19.56775	0.685
	1703	20.43025	0.62725
	1704	19.29975	0.67125
	1705	17.4805	0.76825
	1706	18.723	0.7355
	1707	19.27	0.655
	1708	18.8775	0.651
	1709	19.3115	0.6355
	1710	18.8775	0.64775
	1711	18.59225	0.68825
	1712	18.74675	0.73
	1713	19.28775	0.71475
	1714	18.9905	0.7325
	1715	18.47925	0.79225
	1716	18.8655	0.812
	1717	19.026	0.8385
	1718	19.43025	0.837
	1719	19.2345	0.84825
	1720	18.3725	0.86975
	1721	18.52675	0.87575
	1722	18.65775	0.859
	1723	19.026	0.829
	1724	19.50175	0.81225
	1725	17.95	0.81875
	1726	17.74225	0.861
	1727	17.326	0.871
	1728	16.5285	0.87825
	1729	16.71875	0.86425
	1730	16.40325	0.852
	1731	16.606	0.833
	1732	15.974	0.81775
	1733	14.9235	0.8485
	1734	14.78625	0.84625
	1735	15.07325	0.825
	1736	17.42575	0.78775
	1737	22.21425	0.68875
	1738	25.77625	0.58325
	1739	27.27825	0.527
	1740	27.678	0.48875
	1741	28.03575	0.43125
	1742	28.92825	0.40575
	1743	29.797	0.36
	1744	30.9695	0.3345
	1745	30.79075	0.33425
	1746	29.62375	0.389
	1747	27.66075	0.41775
	1748	25.9875	0.485
	1749	23.29625	0.59625
	1750	20.4065	0.74275
	1751	20.79375	0.6675
	1752	18.84825	0.6775
	1753	18.5745	0.6955
	1754	18.58625	0.6735
	1755	17.7655	0.6685
	1756	16.147	0.749
	1757	16.3735	0.7675
	1758	16.43925	0.754
	1759	16.6655	0.75475
	1760	19.23475	0.746
	1761	23.41925	0.66625
	1762	25.3205	0.607
	1763	25.58625	0.58
	1764	27.29975	0.53025
	1765	27.499	0.47075
	1766	29.3335	0.44325
	1767	30.79	0.432
	1768	30.0545	0.44625
	1769	28.4935	0.476
	1770	27.87575	0.46775
	1771	26.25625	0.5295
	1772	25.2775	0.516
	1773	23.93625	0.489
	1774	21.748	0.5765
	1775	20.13825	0.66075
	1776	18.5505	0.7585
	1777	17.84325	0.83375
	1778	17.49825	0.87325
	1779	17.082	0.89975
	1780	16.701	0.9155
	1781	16.8975	0.92525
	1782	16.99875	0.93225
	1783	16.55825	0.93675
	1784	16.57625	0.935
	1785	17.219	0.913
	1786	17.284	0.8835
	1787	18.2355	0.868
	1788	19.145	0.82225
	1789	21.36025	0.77375
	1790	21.8855	0.749
	1791	23.23975	0.68375
	1792	23.52125	0.6595
	1793	23.54475	0.65125
	1794	23.539	0.6385
	1795	22.47725	0.651
	1796	21.30625	0.7075
	1797	19.3115	0.79175
	1798	19.175	0.826
	1799	18.58625	0.838
	1800	18.77075	0.85825
	1801	18.426	0.88375
	1802	18.19975	0.90825
	1803	17.67675	0.92075
	1804	17.231	0.92825
	1805	16.84425	0.9345
	1806	16.86775	0.9375
	1807	17.21875	0.93725
	1808	17.766	0.91875
	1809	19.5495	0.85275
	1810	21.25875	0.7605
	1811	21.94525	0.7105
	1812	24.72825	0.60475
	1813	24.908	0.552
	1814	24.33325	0.575
	1815	25.31325	0.57075
	1816	25.33775	0.555
	1817	25.5015	0.5355
	1818	25.64825	0.527
	1819	26.1525	0.45925
	1820	24.613	0.47875
	1821	20.8655	0.58175
	1822	18.70525	0.64675
	1823	16.8025	0.751
	1824	17.8905	0.7035
	1825	17.421	0.68125
	1826	16.82625	0.69725
	1827	15.45475	0.73575
	1828	16.31975	0.73125
	1829	16.183	0.7205
	1830	15.4195	0.73525
	1831	15.93825	0.73975
	1832	17.974	0.7045
	1833	22.12075	0.65875
	1834	26.04175	0.5755
	1835	28.55	0.4745
	1836	29.08425	0.42525
	1837	29.7035	0.41275
	1838	30.36325	0.358
	1839	30.27675	0.362
	1840	25.91325	0.425
	1841	23.725	0.4615
	1842	25.5395	0.43325
	1843	27.536	0.406
	1844	26.05225	0.443
	1845	20.7045	0.6325
	1846	19.978	0.632
	1847	18.919	0.65325
	1848	18.27125	0.67025
	1849	17.27225	0.6825
	1850	17.22475	0.67675
	1851	16.725	0.677
	1852	17.08825	0.65525
	1853	17.09375	0.635
	1854	16.28425	0.64525
	1855	15.885	0.669
	1856	18.6815	0.629
	1857	23.3445	0.552
	1858	27.556	0.47475
	1859	30.1105	0.4145
	1860	30.98225	0.32625
	1861	31.18575	0.29975
	1862	32.003	0.2905
	1863	32.5	0.28675
	1864	30.21975	0.2965
	1865	28.7985	0.3165
	1866	29.63775	0.3395
	1867	27.24725	0.35925
	1868	26.28075	0.36625
	1869	24.213	0.41925
	1870	22.304	0.449
	1871	20.35275	0.50275
	1872	18.7705	0.53675
	1873	18.598	0.547
	1874	17.55775	0.578
	1875	17.5875	0.569
	1876	17.766	0.559
	1877	17.576	0.5545
	1878	16.93325	0.5715
	1879	16.844	0.58225
	1880	19.15125	0.55675
	1881	23.72925	0.49375
	1882	28.757	0.4325
	1883	31.34475	0.342
	1884	31.96525	0.3145
	1885	32.08575	0.31325
	1886	31.94525	0.30925
	1887	32.47825	0.31375
	1888	33.06625	0.29575
	1889	33.44375	0.294
	1890	33.7175	0.293
	1891	32.9245	0.32075
	1892	29.3085	0.3775
	1893	26.79675	0.3385
	1894	23.865	0.3955
	1895	21.18725	0.4665
	1896	20.05525	0.4935
	1897	20.25775	0.487
	1898	18.7885	0.5195
	1899	17.75375	0.55125
	1900	18.24725	0.5165
	1901	16.539	0.5565
	1902	17.02825	0.5625
	1903	16.78425	0.57
	1904	18.86	0.59375
	1905	24.4445	0.47
	1906	29.7285	0.40175
	1907	32.24725	0.35775
	1908	32.69775	0.3
	1909	33.0145	0.3405
	1910	33.908	0.294
	1911	34.684	0.28675
	1912	35.0525	0.25625
	1913	35.376	0.264
	1914	34.8715	0.2645
	1915	34.06825	0.32225
	1916	31.14475	0.412
	1917	26.00925	0.49075
	1918	23.5465	0.54375
	1919	21.697	0.59825
	1920	19.25275	0.64475
	1921	18.1465	0.69675
	1922	18.9135	0.62875
	1923	19.716	0.5515
	1924	18.27725	0.589
	1925	16.35475	0.669
	1926	15.1235	0.70475
	1927	16.8435	0.68675
	1928	19.4965	0.64275
	1929	25.06275	0.53975
	1930	28.88175	0.45725
	1931	30.94425	0.3785
	1932	31.5105	0.4025
	1933	32.76825	0.35975
	1934	33.9345	0.33125
	1935	34.61825	0.3005
	1936	35.8605	0.26875
	1937	35.32775	0.30675
	1938	33.14725	0.377
	1939	31.9195	0.39725
	1940	30.28925	0.4135
	1941	28.444	0.416
	1942	27.3275	0.39675
	1943	26.03025	0.40975
	1944	23.45225	0.46725
	1945	20.7045	0.61725
	1946	19.4305	0.66775
	1947	19.04425	0.68175
	1948	16.8615	0.7435
	1949	17.1295	0.7795
	1950	17.088	0.77675
	1951	17.96825	0.74425
	1952	20.234	0.684
	1953	25.59	0.58175
	1954	27.23025	0.52025
	1955	29.3035	0.47375
	1956	30.9285	0.4315
	1957	32.2725	0.401
	1958	32.53025	0.389
	1959	32.32325	0.412
	1960	32.8465	0.38975
	1961	32.65225	0.372
	1962	32.1435	0.363
	1963	31.37675	0.342
	1964	29.34225	0.379
	1965	26.9895	0.4145
	1966	25.83575	0.46625
	1967	25.27675	0.5095
	1968	23.4975	0.55475
	1969	21.57475	0.625
	1970	19.30025	0.69475
	1971	17.84925	0.7655
	1972	17.84925	0.75375
	1973	16.8555	0.76975
	1974	15.7715	0.8215
	1975	16.1225	0.83875
	1976	19.7225	0.74325
	1977	24.49925	0.62325
	1978	26.5925	0.56275
	1979	28.50025	0.512
	1980	30.52125	0.46125
	1981	32.15	0.4035
	1982	32.686	0.395
	1983	33.1325	0.37875
	1984	33.68525	0.351
	1985	33.7305	0.3495
	1986	32.86725	0.37825
	1987	31.53625	0.39875
	1988	29.599	0.45325
	1989	27.30925	0.448
	1990	26.67725	0.4825
	1991	25.5435	0.5495
	1992	24.611	0.5845
	1993	23.4185	0.638
	1994	22.202	0.68975
	1995	20.746	0.73575
	1996	18.7885	0.79675
	1997	18.42575	0.81325
	1998	18.05725	0.79625
	1999	17.72425	0.8245
	2000	20.07325	0.821
	2001	23.46125	0.74475
	2002	25.291	0.671
	2003	27.5015	0.5885
	2004	29.572	0.5225
	2005	31.30725	0.46825
	2006	32.93375	0.43325
	2007	33.31375	0.4355
	2008	33.09825	0.40875
	2009	32.2335	0.411
	2010	28.376	0.5355
	2011	27.92	0.524
	2012	25.51325	0.52325
	2013	24.74425	0.52225
	2014	24.07425	0.5385
	2015	24.5145	0.52775
	2016	22.9025	0.616
	2017	21.90325	0.69425
	2018	21.67	0.7175
	2019	19.86475	0.7665
	2020	19.2105	0.822
	2021	18.5505	0.82625
	2022	17.9385	0.8435
	2023	18.12875	0.828
	2024	20.502	0.781
	2025	23.593	0.6935
	2026	26.068	0.61675
	2027	28.4315	0.5335
	2028	30.1625	0.46075
	2029	31.5875	0.43175
	2030	32.971	0.37025
	2031	31.63775	0.38125
	2032	33.076	0.391
	2033	33.8885	0.3705
	2034	31.93875	0.43375
	2035	30.83175	0.4375
	2036	28.90275	0.4725
	2037	27.35775	0.52025
	2038	25.933	0.5465
	2039	23.9965	0.595
	2040	22.03525	0.677
	2041	21.8915	0.71325
	2042	20.35925	0.73475
	2043	20.28125	0.7705
	2044	20.23375	0.75325
	2045	18.604	0.7785
	2046	18.967	0.76925
	2047	17.3195	0.79175
	2048	20.24125	0.8145
	2049	25.41325	0.66575
	2050	27.50625	0.57525
	2051	29.40275	0.53875
	2052	30.76775	0.49475
	2053	31.6315	0.471
	2054	32.4355	0.437
	2055	34.2305	0.36325
	2056	35.59575	0.33275
	2057	34.045	0.3855
	2058	33.73075	0.37425
	2059	31.7955	0.3905
	2060	29.25625	0.45825
	2061	27.19225	0.50625
	2062	25.8975	0.54325
	2063	24.64275	0.531
	2064	23.8935	0.5645
	2065	22.2385	0.598
	2066	21.07975	0.65825
	2067	19.1745	0.7355
	2068	19.58525	0.7515
	2069	20.56125	0.686
	2070	19.3835	0.697
	2071	19.264	0.75575
	2072	21.2955	0.71275
	2073	26.44375	0.5975
	2074	29.06575	0.4895
	2075	30.315	0.45425
	2076	32.16475	0.38575
	2077	33.47	0.3495
	2078	33.999	0.32975
	2079	34.58825	0.31725
	2080	35.08975	0.30925
	2081	35.1245	0.29525
	2082	35.3835	0.268
	2083	34.0015	0.30625
	2084	30.951	0.3635
	2085	26.94475	0.454
	2086	24.69625	0.5415
	2087	23.07075	0.5705
	2088	21.63525	0.5945
	2089	19.9065	0.68425
	2090	20.67425	0.6185
	2091	20.3945	0.6025
	2092	19.8825	0.61125
	2093	19.34725	0.639
	2094	18.27725	0.67075
	2095	17.581	0.69675
	2096	19.60975	0.71775
	2097	25.63325	0.563
	2098	28.613	0.47075
	2099	29.87875	0.4315
	2100	31.44225	0.40925
	2101	33.23075	0.33975
	2102	34.04075	0.30975
	2103	34.54625	0.29375
	2104	34.15025	0.286
	2105	34.4735	0.289
	2106	33.294	0.29375
	2107	32.0035	0.31625
	2108	29.6535	0.3845
	2109	24.4595	0.541
	2110	21.86175	0.63375
	2111	22.03475	0.584
	2112	19.6685	0.65575
	2113	19.2105	0.64225
	2114	21.22975	0.53025
	2115	17.9265	0.64725
	2116	16.939	0.72525
	2117	17.62925	0.702
	2118	18.2	0.6565
	2119	16.8735	0.70025
	2120	18.777	0.74875
	2121	24.5575	0.54175
	2122	28.50975	0.4325
	2123	30.82025	0.4105
	2124	32.711	0.36775
	2125	33.4645	0.321
	2126	34.236	0.3
	2127	34.99575	0.2895
	2128	35.549	0.2925
	2129	35.52225	0.28325
	2130	34.308	0.293
	2131	33.035	0.3
	2132	30.98325	0.3085
	2133	29.17825	0.31225
	2134	28.4995	0.3465
	2135	26.844	0.41
	2136	24.334	0.48375
	2137	22.99925	0.48875
	2138	21.479	0.55375
	2139	20.0135	0.62475
	2140	18.6635	0.70025
	2141	17.02825	0.79075
	2142	17.171	0.81
	2143	18.14625	0.7415
	2144	20.306	0.6995
	2145	25.89525	0.562
	2146	28.63125	0.4515
	2147	31.226	0.39875
	2148	33.427	0.35225
	2149	35.15525	0.32425
	2150	36.5275	0.28525
	2151	37.98675	0.2575
	2152	38.99025	0.21925
	2153	37.73725	0.2495
	2154	37.11275	0.26675
	2155	34.52725	0.33225
	2156	31.939	0.32225
	2157	28.1015	0.38625
	2158	25.35775	0.46775
	2159	24.353	0.47975
	2160	23.97825	0.527
	2161	22.825	0.55475
	2162	20.84175	0.63475
	2163	21.36	0.5945
	2164	20.96625	0.59025
	2165	20.47775	0.6055
	2166	19.47225	0.63875
	2167	17.629	0.7375
	2168	20.43075	0.6755
	2169	24.40125	0.59975
	2170	26.8125	0.522
	2171	28.357	0.461
	2172	28.97225	0.45875
	2173	30.1365	0.43975
	2174	31.249	0.41325
	2175	32.1245	0.3805
	2176	32.3425	0.358
	2177	32.639	0.355
	2178	32.17525	0.36075
	2179	30.446	0.3765
	2180	28.82275	0.41625
	2181	27.7455	0.437
	2182	26.9895	0.44875
	2183	25.6115	0.488
	2184	24.36975	0.527
	2185	23.19625	0.56675
	2186	22.42325	0.58275
	2187	21.62825	0.61475
	2188	21.35375	0.60575
	2189	20.7935	0.56125
	2190	19.69225	0.5475
	2191	19.49	0.5895
	2192	19.38275	0.6275
	2193	19.75175	0.65475
	2194	20.061	0.6415
	2195	20.6445	0.6295
	2196	20.9365	0.5995
	2197	22.6155	0.5335
	2198	24.249	0.4935
	2199	23.26225	0.52575
	2200	22.998	0.56175
	2201	23.3765	0.53725
	2202	23.19025	0.528
	2203	22.15425	0.54225
	2204	21.5565	0.559
	2205	20.86475	0.57375
	2206	20.53125	0.562
	2207	19.5735	0.596
	2208	18.271	0.625
	2209	17.177	0.70725
	2210	16.86175	0.7175
	2211	16.08775	0.75
	2212	15.89075	0.76325
	2213	15.50325	0.777
	2214	15.32975	0.779
	2215	15.55675	0.80375
	2216	16.5995	0.82575
	2217	20.2875	0.64175
	2218	21.83175	0.52875
	2219	23.53875	0.4475
	2220	24.5575	0.39125
	2221	25.873	0.3755
	2222	26.5745	0.34325
	2223	28.091	0.33075
	2224	28.3325	0.30425
	2225	29.1845	0.291
	2226	28.16275	0.2995
	2227	26.6345	0.3225
	2228	24.9335	0.36075
	2229	23.56275	0.4265
	2230	23.2745	0.436
	2231	22.0705	0.4825
	2232	21.0675	0.51475
	2233	19.68625	0.535
	2234	17.5755	0.651
	2235	16.5465	0.72975
	2236	16.713	0.765
	2237	16.582	0.783
	2238	16.39725	0.8085
	2239	15.98025	0.8445
	2240	15.49125	0.8845
	2241	15.86725	0.90575
	2242	17.10575	0.9085
	2243	19.6925	0.863
	2244	20.98575	0.7505
	2245	22.92625	0.60925
	2246	23.31025	0.56225
	2247	21.89175	0.5955
	2248	22.08875	0.63175
	2249	22.73425	0.628
	2250	22.2265	0.63875
	2251	20.87075	0.70775
	2252	20.41225	0.741
	2253	20.16225	0.75975
	2254	19.6745	0.7705
	2255	19.29375	0.7955
	2256	18.90725	0.8145